open_time,open,high,low,close,volume,close_time,quote_asset_volume,number_of_trades,taker_buy_base_asset_volume,taker_buy_quote_asset_volume,ignore
1603252800000,0.4,1.49,0.18,0.7443,6759156.93,1603253699999,5456947.434082,21240,2539404.44,2047588.88052,0
1603253700000,0.7459,0.7671,0.6922,0.7133,1938439.63,1603254599999,1410591.346798,6870,736852.83,538974.98382,0
1603254600000,0.7133,0.74,0.6852,0.7343,1345401.45,1603255499999,954326.859001,4572,643227.34,458182.631687,0
1603255500000,0.7343,0.7947,0.7213,0.7823,1534710.33,1603256399999,1169617.394617,5147,736608.12,562435.730898,0
1603256400000,0.7832,0.95,0.7822,0.8957,2336479.15,1603257299999,1968783.690854,7364,1389958.64,1170458.32101,0
1603257300000,0.8908,0.9738,0.8718,0.881,2644180.47,1603258199999,2445717.273249,9068,1329760.4,1236812.385514,0
1603258200000,0.8808,0.943,0.8617,0.9028,1523801.51,1603259099999,1381364.383311,4862,782975.69,711524.113699,0
1603259100000,0.9028,0.9451,0.874,0.9316,1218547.25,1603259999999,1107163.929169,3677,614025.87,560160.29941,0
1603260000000,0.9301,0.9369,0.8221,0.8458,1144907.63,1603260899999,995428.492783,3611,361053.52,313806.193197,0
1603260900000,0.8464,0.8499,0.8135,0.8322,790593.2,1603261799999,658169.69031,2283,420430.07,350046.373051,0
1603261800000,0.8323,0.8357,0.7828,0.812,767123.17,1603262699999,615524.098972,2158,356522.52,286191.858527,0
1603262700000,0.812,0.8295,0.7815,0.7862,619977.31,1603263599999,500222.223728,2116,236548.43,190729.808444,0
1603263600000,0.7862,0.7869,0.7587,0.7799,467251.26,1603264499999,360643.569077,1932,198898.0,153409.872574,0
1603264500000,0.7799,0.7835,0.7511,0.7707,333723.59,1603265399999,256375.713306,1235,135737.13,104656.459904,0
1603265400000,0.7715,0.8322,0.7708,0.8115,599418.83,1603266299999,484668.319637,2471,278010.81,224501.542738,0
1603266300000,0.8122,0.858,0.797,0.8027,707348.48,1603267199999,585160.40939,2772,326662.01,271117.041959,0
1603267200000,0.8035,0.8127,0.762,0.77,561726.23,1603268099999,440586.555832,1929,247219.51,193750.990576,0
1603268100000,0.77,0.8128,0.761,0.808,485628.58,1603268999999,379607.137029,1626,215386.86,168412.788427,0
1603269000000,0.808,0.8203,0.7829,0.8125,290023.51,1603269899999,233195.068997,1097,147877.4,118963.717192,0
1603269900000,0.8119,0.83,0.8054,0.822,347472.75,1603270799999,284587.773714,1334,173713.0,142347.446327,0
1603270800000,0.822,0.86,0.82,0.8544,679038.99,1603271699999,571893.225824,1999,474943.11,400267.384821,0
1603271700000,0.8544,0.8684,0.8255,0.8357,460425.68,1603272599999,391255.758079,1702,208674.69,177351.107266,0
1603272600000,0.8357,0.855,0.8178,0.8386,254764.07,1603273499999,213040.375297,1089,141862.9,118787.221785,0
1603273500000,0.8386,0.866,0.8306,0.8547,265509.14,1603274399999,225709.680807,1069,154009.6,131211.404427,0
1603274400000,0.8547,0.86,0.832,0.8552,248837.19,1603275299999,211043.498729,736,99559.75,84558.864472,0
1603275300000,0.8531,0.8531,0.8041,0.8067,317723.47,1603276199999,264131.328642,1098,127158.82,105827.087579,0
1603276200000,0.8067,0.835,0.8044,0.8209,254827.27,1603277099999,208009.171326,972,131936.06,107759.993646,0
1603277100000,0.8211,0.8371,0.81,0.8302,189392.15,1603277999999,156102.423228,647,92810.83,76678.061394,0
1603278000000,0.8348,0.8357,0.8165,0.8167,54411.26,1603278899999,44873.708738,274,20063.79,16567.478004,0
1603278900000,0.8201,0.8244,0.8135,0.8203,58653.54,1603279799999,48024.615538,283,19795.18,16235.734343,0
1603279800000,0.8201,0.84,0.8161,0.8216,140184.27,1603280699999,115756.766058,581,82789.86,68472.005787,0
1603280700000,0.8202,0.8215,0.7777,0.7823,317466.92,1603281599999,253040.453624,1040,85031.15,67693.848829,0
1603281600000,0.7838,0.8004,0.7781,0.7849,301545.76,1603282499999,237437.466762,781,142659.34,112239.889235,0
1603282500000,0.782,0.7873,0.76,0.765,331339.38,1603283399999,254489.738772,1007,107930.56,82909.571792,0
1603283400000,0.7646,0.7789,0.7618,0.7707,209286.07,1603284299999,160765.999527,881,102075.41,78501.295012,0
1603284300000,0.7708,0.7888,0.77,0.7879,187230.13,1603285199999,145966.220912,587,86441.82,67359.510582,0
1603285200000,0.786,0.8035,0.782,0.7885,269931.92,1603286099999,214604.317416,868,140291.53,111532.538987,0
1603286100000,0.7893,0.7893,0.7734,0.7763,125179.57,1603286999999,97979.560192,420,39014.56,30559.30001,0
1603287000000,0.7764,0.779,0.7658,0.7695,111869.31,1603287899999,86257.907643,364,52610.86,40602.686167,0
1603287900000,0.7696,0.7696,0.7265,0.7287,481500.48,1603288799999,358461.625383,1431,205817.47,152686.701947,0
1603288800000,0.7292,0.745,0.7287,0.7351,201934.35,1603289699999,148359.385744,571,104771.63,77091.640447,0
1603289700000,0.735,0.7393,0.717,0.7375,327627.59,1603290599999,238422.898857,755,112772.77,82208.021498,0
1603290600000,0.7376,0.7399,0.7116,0.7164,321064.59,1603291499999,232011.419343,904,139226.87,100752.952455,0
1603291500000,0.7141,0.7511,0.7102,0.7506,252143.55,1603292399999,185593.213781,921,159663.59,117599.548878,0
1603292400000,0.7506,0.7524,0.7211,0.7353,191759.75,1603293299999,141280.569252,533,91298.14,67400.902814,0
1603293300000,0.7351,0.7372,0.7169,0.7202,61015.51,1603294199999,44191.793098,246,30066.46,21801.34677,0
1603294200000,0.7204,0.7561,0.7204,0.7456,228573.86,1603295099999,170407.65728,565,139073.03,103660.417872,0
1603295100000,0.7454,0.76,0.7418,0.753,220552.79,1603295999999,165723.595993,601,121283.54,91214.546471,0
1603296000000,0.753,0.7564,0.7285,0.7343,173786.79,1603296899999,128693.322722,514,61371.06,45496.241657,0
1603296900000,0.7338,0.745,0.7314,0.738,111683.78,1603297799999,82538.23156,319,58954.93,43602.389654,0
1603297800000,0.7375,0.7556,0.7347,0.7553,96211.35,1603298699999,71479.068377,383,63325.64,47118.011431,0
1603298700000,0.7521,0.7617,0.7332,0.7443,203532.21,1603299599999,152431.048542,740,92511.87,69475.503716,0
1603299600000,0.743,0.7432,0.732,0.7331,77823.82,1603300499999,57301.307061,222,28565.0,21050.457096,0
1603300500000,0.7331,0.7348,0.7105,0.7167,173342.77,1603301399999,124888.322183,412,73117.01,52639.798694,0
1603301400000,0.7151,0.7228,0.7109,0.7228,80331.79,1603302299999,57475.513602,236,38468.92,27542.176114,0
1603302300000,0.723,0.7279,0.7202,0.7226,59858.57,1603303199999,43263.48471,183,21305.61,15409.172163,0
1603303200000,0.7205,0.7229,0.714,0.7177,87710.96,1603304099999,62847.735772,186,14597.9,10474.428087,0
1603304100000,0.7141,0.7436,0.714,0.7415,123726.54,1603304999999,90728.740617,453,86850.06,63721.742072,0
1603305000000,0.7435,0.755,0.7358,0.7426,213214.43,1603305899999,159220.343059,566,120792.68,90237.552811,0
1603305900000,0.7426,0.7482,0.7347,0.7387,52904.71,1603306799999,39221.891312,221,22613.75,16828.063477,0
1603306800000,0.7387,0.7398,0.7241,0.732,49205.87,1603307699999,35911.633794,167,26653.66,19468.152978,0
1603307700000,0.7326,0.7523,0.7283,0.747,86680.75,1603308599999,64479.534221,416,56941.83,42374.437871,0
1603308600000,0.7469,0.7538,0.7464,0.7488,60946.74,1603309499999,45748.255396,270,38278.71,28752.652475,0
1603309500000,0.7473,0.7473,0.7247,0.7359,75923.82,1603310399999,55983.592711,310,32034.1,23648.752608,0
1603310400000,0.7358,0.7459,0.7313,0.7383,70279.59,1603311299999,52098.877692,189,51387.67,38133.795336,0
1603311300000,0.7383,0.75,0.7364,0.742,57701.11,1603312199999,43064.330729,169,37469.08,27997.515341,0
1603312200000,0.7424,0.749,0.7358,0.7379,44190.08,1603313099999,32794.830099,120,19455.59,14499.100518,0
1603313100000,0.7415,0.7433,0.7386,0.7429,15904.48,1603313999999,11786.212437,65,5686.83,4215.410319,0
1603314000000,0.7431,0.7433,0.7339,0.7355,49287.22,1603314899999,36426.558526,144,16257.89,12012.48929,0
1603314900000,0.7337,0.7369,0.7246,0.7282,39800.33,1603315799999,29057.126341,122,15465.33,11297.306394,0
1603315800000,0.7282,0.7385,0.7281,0.7343,25385.23,1603316699999,18572.364309,95,14684.45,10759.268104,0
1603316700000,0.738,0.7392,0.7333,0.7349,9353.0,1603317599999,6882.196561,36,1720.1,1268.82104,0
1603317600000,0.7349,0.7357,0.7217,0.7224,63514.69,1603318499999,46393.78373,105,25066.75,18301.11441,0
1603318500000,0.7224,0.728,0.7217,0.7217,33312.27,1603319399999,24084.02535,76,14245.5,10317.513189,0
1603319400000,0.7248,0.73,0.7208,0.73,29141.14,1603320299999,21097.277855,76,18351.51,13312.532724,0
1603320300000,0.7299,0.73,0.7257,0.7268,19921.01,1603321199999,14512.25243,74,7264.33,5292.273006,0
1603321200000,0.7277,0.7393,0.7257,0.73,42634.41,1603322099999,31142.361309,111,19668.91,14416.038307,0
1603322100000,0.7299,0.751,0.7295,0.751,115435.47,1603322999999,85360.987424,218,99990.6,73977.965446,0
1603323000000,0.7509,0.78,0.7463,0.7656,251341.41,1603323899999,192805.39441,653,146805.94,112616.187441,0
1603323900000,0.7656,0.782,0.7504,0.7803,146962.62,1603324799999,112732.165286,419,87938.35,67646.927909,0
1603324800000,0.7825,0.827,0.778,0.806,369839.05,1603325699999,297234.207692,1100,202176.37,162455.789731,0
1603325700000,0.805,0.805,0.77,0.7847,231083.56,1603326599999,182094.041652,703,108311.22,85420.83846,0
1603326600000,0.785,0.817,0.7848,0.8,166568.15,1603327499999,134111.21813,570,92559.57,74504.436779,0
1603327500000,0.8,0.8077,0.787,0.7961,119103.14,1603328399999,94804.821324,338,70508.82,56172.713119,0
1603328400000,0.7965,0.7965,0.7742,0.7822,113979.03,1603329299999,89375.342013,366,44303.33,34774.897775,0
1603329300000,0.78,0.7809,0.765,0.765,57786.97,1603330199999,44638.787077,168,14824.39,11456.044118,0
1603330200000,0.765,0.79,0.765,0.7832,69711.66,1603331099999,54050.0967,213,35234.37,27396.403336,0
1603331100000,0.7851,0.7865,0.7735,0.7825,28912.42,1603331999999,22609.648785,112,12478.06,9787.09744,0
1603332000000,0.7825,0.7837,0.761,0.761,80043.1,1603332899999,61658.11539,153,12880.2,9929.66737,0
1603332900000,0.765,0.7653,0.7405,0.7405,53204.59,1603333799999,40033.196952,201,18238.11,13686.298357,0
1603333800000,0.7401,0.7525,0.74,0.7436,57398.79,1603334699999,42704.209398,140,31669.49,23612.657778,0
1603334700000,0.7434,0.7434,0.7303,0.7303,41850.5,1603335599999,30854.447267,120,6044.93,4457.847814,0
1603335600000,0.7301,0.7455,0.7273,0.7409,62722.49,1603336499999,46223.492727,196,44699.19,32970.050806,0
1603336500000,0.7426,0.7615,0.7405,0.7584,60788.39,1603337399999,45646.233583,250,30111.89,22598.355014,0
1603337400000,0.7585,0.7769,0.7584,0.7727,61577.91,1603338299999,47338.63243,265,35105.01,26999.014013,0
1603338300000,0.7717,0.7717,0.7637,0.7653,44052.14,1603339199999,33766.22305,104,22633.61,17345.952832,0
1603339200000,0.7639,0.765,0.7447,0.7447,57359.14,1603340099999,43132.290211,203,27443.13,20640.141994,0
1603340100000,0.7487,0.749,0.7343,0.735,54027.84,1603340999999,40067.212063,208,25950.5,19242.487041,0
1603341000000,0.7394,0.7402,0.7341,0.7399,27312.19,1603341899999,20183.070553,65,21440.59,15861.366173,0
1603341900000,0.7405,0.7531,0.7365,0.7531,28361.06,1603342799999,21133.011143,140,17815.68,13302.013225,0
1603342800000,0.7503,0.7551,0.7369,0.7473,85460.14,1603343699999,63783.584531,274,41416.12,30881.947151,0
1603343700000,0.7467,0.7612,0.745,0.7612,51308.18,1603344599999,38657.163576,182,25531.55,19240.445223,0
1603344600000,0.761,0.7818,0.761,0.7801,115790.71,1603345499999,89517.117843,363,66563.86,51584.925375,0
1603345500000,0.7802,0.7831,0.7721,0.7755,69279.88,1603346399999,53976.349513,260,22679.94,17690.839995,0
1603346400000,0.7748,0.7828,0.7712,0.7824,24291.48,1603347299999,18897.80597,87,9999.88,7795.922611,0
1603347300000,0.7824,0.7941,0.7804,0.7848,33273.69,1603348199999,26181.193505,116,22026.91,17325.431802,0
1603348200000,0.7848,0.7946,0.775,0.7941,55584.0,1603349099999,43484.255007,168,31104.97,24365.941852,0
1603349100000,0.793,0.7941,0.7777,0.7777,17962.31,1603349999999,14118.009765,106,9069.96,7141.246924,0
1603350000000,0.7777,0.7777,0.764,0.77,36061.22,1603350899999,27734.989295,150,13816.22,10628.536854,0
1603350900000,0.77,0.7903,0.77,0.7847,42978.36,1603351799999,33577.492533,210,18900.79,14745.536096,0
1603351800000,0.7846,0.7846,0.779,0.7797,19256.63,1603352699999,15058.280327,89,8215.78,6427.243618,0
1603352700000,0.7828,0.7828,0.7604,0.7628,56702.92,1603353599999,43747.922807,201,23752.89,18337.393484,0
1603353600000,0.7627,0.7654,0.7597,0.7597,15092.59,1603354499999,11498.238686,90,4934.12,3767.67801,0
1603354500000,0.762,0.762,0.74,0.7408,76192.96,1603355399999,56947.506362,215,26820.75,20008.502108,0
1603355400000,0.7429,0.7523,0.7386,0.7512,52957.01,1603356299999,39496.901548,232,23943.07,17860.668573,0
1603356300000,0.7515,0.7655,0.7504,0.7619,67169.41,1603357199999,51094.629781,254,31047.37,23570.331346,0
1603357200000,0.7619,0.7664,0.7618,0.7664,20311.79,1603358099999,15487.583004,85,6478.38,4944.950737,0
1603358100000,0.7636,0.7673,0.75,0.7515,65284.86,1603358999999,49649.018218,109,5968.18,4555.727979,0
1603359000000,0.7526,0.7549,0.7513,0.7514,10260.26,1603359899999,7724.659345,52,6306.79,4752.712903,0
1603359900000,0.7515,0.7558,0.7513,0.7532,4694.06,1603360799999,3531.135662,37,1346.94,1015.012897,0
1603360800000,0.7563,0.76,0.754,0.757,14846.88,1603361699999,11227.581029,56,7884.24,5970.783418,0
1603361700000,0.759,0.761,0.7546,0.7546,17375.01,1603362599999,13162.840202,77,10006.38,7574.308923,0
1603362600000,0.759,0.759,0.751,0.7567,25952.32,1603363499999,19593.89416,116,18548.6,14021.395379,0
1603363500000,0.7588,0.7751,0.7572,0.771,76739.02,1603364399999,58917.091442,284,50608.95,38844.971132,0
1603364400000,0.771,0.7749,0.7674,0.771,51091.59,1603365299999,39366.444579,205,18096.65,13955.706196,0
1603365300000,0.771,0.7728,0.7585,0.7585,41832.17,1603366199999,31982.50374,79,8489.88,6484.611468,0
1603366200000,0.7611,0.7672,0.758,0.7672,23071.75,1603367099999,17570.587315,94,13035.18,9934.175239,0
1603367100000,0.7654,0.7942,0.7633,0.7841,89235.38,1603367999999,69811.678766,268,46958.98,36633.936102,0
1603368000000,0.7863,0.7866,0.7715,0.7745,44709.07,1603368899999,34784.268623,152,15292.93,11911.84373,0
1603368900000,0.7744,0.7776,0.7678,0.7699,30078.12,1603369799999,23176.991725,112,9684.98,7462.585368,0
1603369800000,0.7698,0.7698,0.758,0.7652,75560.57,1603370699999,57529.470889,199,35939.21,27388.341078,0
1603370700000,0.7671,0.7704,0.7605,0.7605,20627.46,1603371599999,15815.140621,88,6142.83,4719.982106,0
1603371600000,0.761,0.7703,0.7605,0.7701,13819.42,1603372499999,10569.336553,61,7018.88,5380.343214,0
1603372500000,0.7646,0.769,0.7587,0.7615,92789.09,1603373399999,70629.661026,254,22721.25,17324.339028,0
1603373400000,0.765,0.7656,0.7588,0.7588,31577.0,1603374299999,24031.866342,207,8942.26,6821.614469,0
1603374300000,0.7588,0.7615,0.7551,0.7551,11746.43,1603375199999,8915.788979,77,1711.58,1300.27899,0
1603375200000,0.7552,0.7584,0.744,0.744,53640.85,1603376099999,40162.323702,116,9411.18,7043.243985,0
1603376100000,0.745,0.755,0.744,0.7531,44862.33,1603376999999,33691.937464,136,23669.43,17761.560036,0
1603377000000,0.7531,0.7531,0.7465,0.7468,28171.63,1603377899999,21092.164757,60,4342.7,3254.273741,0
1603377900000,0.7467,0.7487,0.7406,0.7437,35541.16,1603378799999,26445.580437,66,2880.77,2145.205327,0
1603378800000,0.7437,0.7467,0.7315,0.7461,108578.21,1603379699999,80077.02008,261,47972.07,35403.645972,0
1603379700000,0.746,0.7509,0.7401,0.7498,27122.13,1603380599999,20292.947133,74,18585.5,13931.487104,0
1603380600000,0.7499,0.7507,0.7428,0.7507,13968.87,1603381499999,10435.232579,54,6809.61,5094.890994,0
1603381500000,0.7506,0.7608,0.7428,0.7431,55468.72,1603382399999,41701.463716,123,39577.39,29837.519207,0
1603382400000,0.7436,0.7479,0.7428,0.7454,22642.3,1603383299999,16876.763691,100,12493.16,9319.263774,0
1603383300000,0.7478,0.75,0.7456,0.7456,13022.25,1603384199999,9745.024169,83,8293.66,6216.261297,0
1603384200000,0.7456,0.7486,0.7434,0.7435,31737.33,1603385099999,23625.380853,86,10311.49,7674.874347,0
1603385100000,0.7428,0.7465,0.736,0.7399,50131.07,1603385999999,37091.054805,149,16941.14,12539.249882,0
1603386000000,0.7399,0.7399,0.7308,0.7355,31122.43,1603386899999,22887.052944,87,12716.02,9357.667749,0
1603386900000,0.7347,0.7363,0.7325,0.7325,27091.18,1603387799999,19903.394454,89,13756.06,10114.405046,0
1603387800000,0.7339,0.74,0.7337,0.74,13388.55,1603388699999,9863.177967,73,6923.28,5113.384292,0
1603388700000,0.7398,0.7445,0.7346,0.7445,12234.85,1603389599999,9055.555075,59,8859.95,6565.032517,0
1603389600000,0.7441,0.75,0.7365,0.75,49848.68,1603390499999,37142.606454,158,29686.5,22188.996948,0
1603390500000,0.75,0.7575,0.7426,0.7473,43904.63,1603391399999,32894.247936,126,28029.73,21006.378274,0
1603391400000,0.7499,0.7539,0.7473,0.7533,11299.61,1603392299999,8494.224383,55,5934.49,4467.097451,0
1603392300000,0.7532,0.7533,0.7499,0.7533,4612.64,1603393199999,3467.379394,30,4461.34,3353.897257,0
1603393200000,0.7533,0.7533,0.7469,0.7486,7836.93,1603394099999,5870.71597,40,913.6,685.440599,0
1603394100000,0.7499,0.7523,0.7491,0.7491,2707.39,1603394999999,2030.486323,19,2481.88,1861.432388,0
1603395000000,0.7491,0.7528,0.7486,0.7488,8650.37,1603395899999,6493.024417,45,2339.51,1759.234376,0
1603395900000,0.7488,0.7509,0.7457,0.7467,5082.83,1603396799999,3796.925167,22,1042.21,779.925609,0
1603396800000,0.7467,0.7505,0.7457,0.746,7659.44,1603397699999,5722.140284,38,4932.25,3683.854122,0
1603397700000,0.746,0.7503,0.7446,0.7503,4843.22,1603398599999,3620.609611,28,2612.51,1956.060004,0
1603398600000,0.7498,0.7499,0.7447,0.7499,17419.9,1603399499999,13025.030265,60,12518.97,9372.930079,0
1603399500000,0.7497,0.7539,0.7455,0.7535,41078.65,1603400399999,30822.411915,93,33893.02,25437.113919,0
1603400400000,0.7535,0.7682,0.7492,0.7679,34068.12,1603401299999,25910.93431,117,25437.09,19363.944707,0
1603401300000,0.7679,0.7734,0.7647,0.7732,67916.64,1603402199999,52295.314274,237,40573.48,31223.306054,0
1603402200000,0.7732,0.7741,0.7574,0.7574,59410.88,1603403099999,45424.406324,201,27908.05,21352.894665,0
1603403100000,0.7562,0.7738,0.7551,0.7738,43102.33,1603403999999,32971.835816,163,30006.11,22971.077574,0
1603404000000,0.7737,0.78,0.7674,0.7773,57882.27,1603404899999,44725.718209,166,39953.46,30903.694268,0
1603404900000,0.7797,0.791,0.7768,0.791,64059.33,1603405799999,50282.052872,174,37990.55,29855.342937,0
1603405800000,0.791,0.8101,0.79,0.8101,127933.31,1603406699999,102576.222396,478,75335.45,60452.71818,0
1603406700000,0.8093,0.8139,0.8015,0.8026,58554.06,1603407599999,47311.501447,202,27055.37,21901.528306,0
1603407600000,0.8031,0.8031,0.7774,0.796,84310.99,1603408499999,66813.401132,318,42294.31,33544.099777,0
1603408500000,0.8005,0.804,0.7925,0.7965,34993.07,1603409399999,27947.581005,150,22879.34,18292.500708,0
1603409400000,0.7967,0.7967,0.7857,0.789,20039.39,1603410299999,15862.512047,95,7849.86,6216.108271,0
1603410300000,0.789,0.7896,0.7791,0.7844,21313.0,1603411199999,16706.044167,98,5026.3,3946.923068,0
1603411200000,0.7819,0.832,0.7779,0.824,174683.62,1603412099999,140517.334551,418,109098.45,88104.472605,0
1603412100000,0.8244,0.832,0.8031,0.832,92496.26,1603412999999,75649.08549,248,41378.66,33828.64316,0
1603413000000,0.8281,0.8528,0.825,0.8341,221484.85,1603413899999,186137.937238,575,132070.44,110936.714153,0
1603413900000,0.8368,0.8612,0.8368,0.86,169167.22,1603414799999,144413.799536,351,110417.5,94469.241068,0
1603414800000,0.8601,0.8872,0.8311,0.8465,347761.05,1603415699999,300373.322212,1076,141035.22,122423.340309,0
1603415700000,0.844,0.8487,0.8367,0.8372,43266.18,1603416599999,36491.147921,193,16435.9,13876.460271,0
1603416600000,0.8383,0.8383,0.8129,0.8251,154059.84,1603417499999,126986.083978,365,87623.04,72149.586317,0
1603417500000,0.8268,0.8274,0.8166,0.8235,23591.87,1603418399999,19422.580549,73,6429.08,5297.213775,0
1603418400000,0.823,0.8241,0.8128,0.816,42227.86,1603419299999,34439.865758,111,16049.58,13108.250487,0
1603419300000,0.8153,0.8192,0.814,0.818,23888.31,1603420199999,19518.000064,87,11004.77,8996.413486,0
1603420200000,0.8186,0.8194,0.815,0.8152,48532.67,1603421099999,39609.875295,128,14204.53,11604.896505,0
1603421100000,0.8154,0.8198,0.798,0.799,77161.75,1603421999999,62313.305011,175,26055.31,20988.177217,0
1603422000000,0.8016,0.8038,0.794,0.803,46134.62,1603422899999,36878.502145,159,23914.79,19107.639886,0
1603422900000,0.8008,0.808,0.8005,0.8039,17647.49,1603423799999,14203.616643,109,10799.0,8693.362669,0
1603423800000,0.804,0.8111,0.8016,0.8111,16395.52,1603424699999,13227.9103,58,7773.62,6282.764376,0
1603424700000,0.8111,0.828,0.8111,0.8245,84011.02,1603425599999,68805.968147,195,54245.63,44367.728077,0
1603425600000,0.8245,0.8245,0.815,0.8194,27573.47,1603426499999,22596.489436,83,15869.95,13008.438633,0
1603426500000,0.8181,0.8192,0.81,0.81,22555.27,1603427399999,18317.788587,72,3383.72,2756.400473,0
1603427400000,0.8098,0.8225,0.8083,0.8225,26453.72,1603428299999,21564.354133,91,10521.85,8560.306674,0
1603428300000,0.8225,0.84,0.8217,0.8217,57406.56,1603429199999,47633.373921,175,38437.51,31909.654696,0
1603429200000,0.8219,0.8444,0.8166,0.8444,78380.93,1603430099999,65413.855373,234,44081.95,36788.924563,0
1603430100000,0.8439,0.853,0.8365,0.84,94346.89,1603430999999,79937.437607,291,54273.35,46054.055351,0
1603431000000,0.8386,0.8539,0.8386,0.8403,51915.64,1603431899999,43993.774633,183,27863.75,23606.44843,0
1603431900000,0.8398,0.857,0.8398,0.8561,65939.81,1603432799999,56219.034165,162,32311.12,27528.200914,0
1603432800000,0.8555,0.857,0.8356,0.8364,66719.95,1603433699999,56524.998404,232,27213.77,23164.665568,0
1603433700000,0.8379,0.8404,0.834,0.8403,9584.05,1603434599999,8044.974558,48,7848.95,6592.47356,0
1603434600000,0.8399,0.8404,0.8384,0.8404,17490.53,1603435499999,14685.943588,59,12610.07,10591.74674,0
1603435500000,0.8403,0.8459,0.8316,0.8432,43365.19,1603436399999,36339.042315,131,13267.8,11150.569439,0
1603436400000,0.8431,0.8733,0.843,0.8733,137201.09,1603437299999,118010.124206,364,99201.85,85211.699903,0
1603437300000,0.8734,0.8899,0.8625,0.8888,95690.93,1603438199999,83933.110786,333,56360.49,49525.225846,0
1603438200000,0.8846,0.9313,0.8846,0.9186,339904.25,1603439099999,309273.809605,842,189544.5,172486.624764,0
1603439100000,0.9173,0.945,0.9083,0.9203,388031.97,1603439999999,360499.42978,969,288717.07,268512.60339,0
1603440000000,0.92,0.9235,0.8944,0.8944,172066.7,1603440899999,156116.274277,646,89740.95,81623.708103,0
1603440900000,0.8944,0.917,0.8855,0.9138,185346.51,1603441799999,168077.35969,522,58336.1,52933.789213,0
1603441800000,0.915,0.9347,0.9123,0.9298,218022.17,1603442699999,201421.093599,664,140209.95,129469.810369,0
1603442700000,0.9292,0.9319,0.885,0.8879,226994.64,1603443599999,205243.430978,734,96943.03,87192.225876,0
1603443600000,0.8875,0.907,0.8875,0.89,138664.59,1603444499999,124383.840993,579,62820.87,56328.604503,0
1603444500000,0.8895,0.9,0.8847,0.9,55422.24,1603445399999,49263.11421,250,32237.06,28684.625201,0
1603445400000,0.9,0.9095,0.8984,0.8996,70433.26,1603446299999,63638.038584,284,35245.47,31870.210444,0
1603446300000,0.9001,0.9302,0.9001,0.922,88585.93,1603447199999,81492.889667,374,53632.38,49291.049589,0
1603447200000,0.9214,0.9421,0.92,0.9356,155205.31,1603448099999,144983.405217,365,109141.09,102182.651633,0
1603448100000,0.941,0.9622,0.9333,0.9544,337646.71,1603448999999,321127.403978,686,197427.68,187866.108816,0
1603449000000,0.9543,0.961,0.942,0.96,125684.76,1603449899999,119696.941517,412,56015.96,53386.428669,0
1603449900000,0.9599,0.96,0.9211,0.923,257922.71,1603450799999,242870.46899,773,116559.41,109979.566251,0
1603450800000,0.9239,0.9377,0.9156,0.9353,156190.24,1603451699999,144656.758044,505,80768.44,74883.776054,0
1603451700000,0.9339,0.9435,0.9166,0.9218,79116.17,1603452599999,73577.287025,361,33424.17,31075.183517,0
1603452600000,0.9249,0.945,0.9216,0.9299,88789.1,1603453499999,83256.533127,305,58310.22,54738.298265,0
1603453500000,0.9299,0.9528,0.9299,0.9407,96500.34,1603454399999,91137.180916,325,49081.72,46388.306827,0
1603454400000,0.9406,0.9407,0.9011,0.919,139132.82,1603455299999,127359.175801,677,54132.02,49332.764751,0
1603455300000,0.9171,0.9269,0.9124,0.9267,47563.92,1603456199999,43750.655163,217,31457.44,28977.983379,0
1603456200000,0.9265,0.9279,0.9151,0.9218,40317.58,1603457099999,37206.18124,169,22677.0,20922.641546,0
1603457100000,0.9201,0.9219,0.9049,0.9082,37993.7,1603457999999,34656.349532,208,13231.01,12081.62169,0
1603458000000,0.9083,0.9311,0.9082,0.9277,48560.19,1603458899999,44676.893273,211,26404.92,24297.200491,0
1603458900000,0.9292,0.9559,0.9292,0.9555,130452.96,1603459799999,123236.719075,713,82298.59,77748.948591,0
1603459800000,0.9554,0.9841,0.95,0.983,377317.48,1603460699999,365901.112482,983,303910.77,294867.959454,0
1603460700000,0.983,0.983,0.9467,0.983,201743.55,1603461599999,195232.582388,603,96750.19,93952.163375,0
1603461600000,0.9823,1.0233,0.9724,1.0064,610954.56,1603462499999,608299.914363,1476,410961.18,408754.390656,0
1603462500000,1.0065,1.076,0.9857,1.0702,532517.52,1603463399999,549128.940973,1832,292406.48,301554.351225,0
1603463400000,1.0684,1.16,1.0503,1.1104,1294396.75,1603464299999,1430638.273091,4807,762522.88,844641.203135,0
1603464300000,1.1116,1.1116,1.0341,1.0342,698743.24,1603465199999,746743.062736,2611,257659.34,273884.989243,0
1603465200000,1.0345,1.035,1.0007,1.0278,651357.02,1603466099999,664719.69462,2535,286295.5,293188.059568,0
1603466100000,1.0268,1.0457,1.0072,1.0398,269632.59,1603466999999,277148.917915,934,145328.82,149774.838959,0
1603467000000,1.0397,1.0677,1.031,1.0536,353097.69,1603467899999,371609.675892,1147,165574.35,174605.293719,0
1603467900000,1.0549,1.0556,0.9879,1.0028,492339.54,1603468799999,500395.61194,1496,186207.12,189651.754656,0
1603468800000,1.0008,1.0258,0.9851,0.9891,352530.44,1603469699999,354676.668137,1234,137296.17,138011.140856,0
1603469700000,0.991,1.0041,0.9586,0.9999,338672.46,1603470599999,331499.6581,1449,203421.59,199406.670535,0
1603470600000,0.9948,1.06,0.9642,1.0013,490462.22,1603471499999,494990.882879,1818,267446.54,271399.829352,0
1603471500000,1.003,1.0419,0.9815,1.0211,354122.08,1603472399999,362163.938936,1049,211733.5,216657.534685,0
1603472400000,1.0209,1.025,0.9721,1.0175,251723.42,1603473299999,253438.997413,1183,116062.47,117280.546418,0
1603473300000,1.0173,1.085,1.013,1.07,583061.08,1603474199999,619208.785368,1802,320175.54,340039.478353,0
1603474200000,1.0731,1.0821,1.0337,1.0408,313887.21,1603475099999,329694.307031,890,162676.73,170843.042533,0
1603475100000,1.0444,1.0592,1.0233,1.042,193134.13,1603475999999,201311.974719,608,81789.69,85305.698048,0
1603476000000,1.0424,1.0871,1.0424,1.0721,193542.46,1603476899999,207113.317019,760,101891.15,108864.818178,0
1603476900000,1.074,1.0989,1.063,1.0936,135500.13,1603477799999,147132.691605,958,82171.55,89289.200793,0
1603477800000,1.0924,1.0943,1.0663,1.0869,198906.76,1603478699999,215116.082668,779,95172.17,103029.387429,0
1603478700000,1.0885,1.0933,1.0527,1.0682,168072.65,1603479599999,180356.440215,579,69479.81,74748.138701,0
1603479600000,1.0681,1.0699,1.011,1.0263,408630.14,1603480499999,421524.608921,1799,135009.06,139370.983943,0
1603480500000,1.025,1.0253,0.9934,1.0058,178550.98,1603481399999,180302.840706,588,70978.21,71778.457005,0
1603481400000,1.0072,1.0634,1.0054,1.0419,236521.98,1603482299999,245168.024933,838,139335.73,144440.158192,0
1603482300000,1.0419,1.0802,1.0419,1.0802,187053.69,1603483199999,199761.195644,581,108407.65,115732.93108,0
1603483200000,1.0812,1.095,1.0597,1.0739,109265.94,1603484099999,117986.337241,492,58574.56,63345.845028,0
1603484100000,1.0737,1.089,1.0433,1.0499,116714.08,1603484999999,124037.892673,478,53718.96,57091.148819,0
1603485000000,1.0501,1.0731,1.0402,1.0539,114037.04,1603485899999,120349.664568,382,69488.16,73342.090499,0
1603485900000,1.0537,1.0848,1.0531,1.0831,80554.74,1603486799999,85920.713079,292,57452.01,61251.061738,0
1603486800000,1.0831,1.0883,1.0679,1.0742,47865.54,1603487699999,51653.512121,242,25680.33,27712.224691,0
1603487700000,1.0746,1.1295,1.0746,1.1082,203114.22,1603488599999,225637.392323,892,132239.32,146474.071,0
1603488600000,1.1078,1.1449,1.0918,1.1042,226391.9,1603489499999,253885.54704,976,115346.52,129715.965787,0
1603489500000,1.1083,1.1828,1.1016,1.1729,518918.65,1603490399999,598335.60156,1683,303235.68,349476.564195,0
1603490400000,1.1729,1.1977,1.1453,1.1604,400186.68,1603491299999,468520.356568,1259,178826.95,209774.047387,0
1603491300000,1.1604,1.1686,1.1285,1.1597,164527.65,1603492199999,188905.098557,563,66101.99,75974.622376,0
1603492200000,1.1538,1.16,1.125,1.1302,145691.78,1603493099999,165799.35798,452,89104.36,101445.407521,0
1603493100000,1.1372,1.1845,1.1308,1.1623,176471.05,1603493999999,205088.435367,550,90178.04,104804.790887,0
1603494000000,1.1623,1.17,1.1548,1.1548,118848.54,1603494899999,137879.321671,282,59519.96,69119.508349,0
1603494900000,1.1549,1.1958,1.1411,1.1958,140459.66,1603495799999,163716.502656,406,84847.53,99123.491299,0
1603495800000,1.1951,1.2231,1.1682,1.2193,244991.94,1603496699999,293247.575433,791,171927.71,206022.028452,0
1603496700000,1.2191,1.224,1.176,1.1838,313344.19,1603497599999,375025.057122,775,160317.67,192242.092806,0
1603497600000,1.1904,1.1904,1.1291,1.1316,411361.14,1603498499999,473621.405827,1201,183119.44,210784.371904,0
1603498500000,1.1318,1.1467,1.1103,1.141,122735.57,1603499399999,138319.525962,627,58717.55,66316.978478,0
1603499400000,1.1394,1.185,1.1366,1.1776,92431.08,1603500299999,107376.010405,408,55881.43,65054.052902,0
1603500300000,1.1753,1.1889,1.162,1.1628,104498.58,1603501199999,122762.750906,364,45112.65,53105.755856,0
1603501200000,1.165,1.1705,1.135,1.1366,67846.55,1603502099999,78090.872779,318,23938.92,27575.777706,0
1603502100000,1.1409,1.1426,1.1081,1.1173,124630.02,1603502999999,140316.395351,453,66784.08,75262.654838,0
1603503000000,1.1125,1.1167,1.035,1.072,399651.81,1603503899999,427071.027965,1463,179707.88,191911.907909,0
1603503900000,1.0702,1.0702,1.032,1.0661,188474.97,1603504799999,198152.877704,865,75369.29,79499.548064,0
1603504800000,1.0663,1.092,1.0663,1.0917,135537.18,1603505699999,146134.141915,756,78497.23,84722.840328,0
1603505700000,1.0917,1.1105,1.0829,1.0839,126814.57,1603506599999,139190.730223,556,54830.15,60280.23367,0
1603506600000,1.0835,1.0884,1.0432,1.0623,147972.39,1603507499999,157853.790208,551,65989.94,70506.126941,0
1603507500000,1.0621,1.0673,1.0513,1.0636,35089.34,1603508399999,37102.739463,259,20115.96,21290.731382,0
1603508400000,1.0635,1.0999,1.0603,1.0985,83744.9,1603509299999,90503.996382,359,60301.36,65131.821529,0
1603509300000,1.0989,1.1294,1.09,1.0931,89030.64,1603510199999,98841.52891,325,47944.26,53317.133003,0
1603510200000,1.0965,1.118,1.0748,1.1,100587.03,1603511099999,109583.347834,372,48449.03,52883.513969,0
1603511100000,1.1065,1.1066,1.0893,1.0893,32837.79,1603511999999,35955.190905,168,12643.04,13866.233129,0
1603512000000,1.0893,1.0899,1.05,1.0511,137670.92,1603512899999,146727.287187,462,56113.86,59927.850975,0
1603512900000,1.051,1.051,1.0205,1.0376,153164.36,1603513799999,158122.962323,662,74231.03,76695.237962,0
1603513800000,1.0376,1.0589,1.0342,1.0586,62128.93,1603514699999,65042.699906,381,39567.91,41464.090014,0
1603514700000,1.059,1.059,1.038,1.0443,100026.68,1603515599999,104753.525042,277,31068.22,32445.824368,0
1603515600000,1.0411,1.0423,1.0084,1.02,128582.16,1603516499999,131737.919939,392,41354.04,42287.249932,0
1603516500000,1.0201,1.06,1.0142,1.0555,64506.17,1603517399999,66640.879359,303,37221.68,38637.708255,0
1603517400000,1.0543,1.0556,1.02,1.0279,74773.54,1603518299999,77277.364006,295,23730.64,24558.68073,0
1603518300000,1.0233,1.0285,1.01,1.0235,83780.7,1603519199999,85410.226835,280,37501.05,38242.030475,0
1603519200000,1.0263,1.0263,0.9933,1.0082,141525.52,1603520099999,142234.31287,513,29726.7,29917.644545,0
1603520100000,1.0112,1.0112,0.9961,1.0053,59519.4,1603520999999,59647.366952,183,29562.67,29654.463723,0
1603521000000,1.0053,1.0186,0.9959,0.9997,61589.13,1603521899999,62280.588326,299,33430.85,33891.635705,0
1603521900000,0.9961,0.9997,0.9855,0.9925,150031.34,1603522799999,148608.07586,308,49877.23,49502.235797,0
1603522800000,0.9925,0.9958,0.9716,0.9758,120286.97,1603523699999,117842.903343,382,40438.39,39637.701731,0
1603523700000,0.9758,1.0168,0.9751,1.0101,196760.74,1603524599999,196522.278412,677,121808.75,121396.02723,0
1603524600000,1.016,1.0214,0.9886,0.9965,95885.23,1603525499999,96749.095997,353,31431.86,31782.077721,0
1603525500000,0.9978,1.0195,0.9943,1.004,80137.92,1603526399999,80761.487311,276,43460.4,43856.39835,0
1603526400000,1.0018,1.0307,0.9936,1.0274,91496.59,1603527299999,92755.827855,306,64802.06,65761.60368,0
1603527300000,1.0289,1.0413,0.9996,1.0413,334881.21,1603528199999,343294.18796,1032,143182.87,147515.481645,0
1603528200000,1.0413,1.06,1.0299,1.0474,250142.68,1603529099999,261899.324559,778,147728.08,154923.609499,0
1603529100000,1.0457,1.052,1.0352,1.0375,86585.84,1603529999999,90396.219787,285,39865.99,41709.084331,0
1603530000000,1.037,1.0401,1.018,1.0309,114994.95,1603530899999,118051.208784,491,48081.94,49387.721807,0
1603530900000,1.031,1.0388,1.0217,1.0281,48865.63,1603531799999,50249.001923,186,25960.91,26684.821191,0
1603531800000,1.0298,1.031,1.0142,1.0196,38927.68,1603532699999,39866.749217,236,15385.67,15782.616616,0
1603532700000,1.0197,1.0729,1.0197,1.0729,199823.32,1603533599999,210241.918151,526,113323.92,119097.950906,0
1603533600000,1.0726,1.1104,1.0606,1.0901,326720.5,1603534499999,355768.2155,1238,162592.21,177278.508781,0
1603534500000,1.0911,1.0976,1.0735,1.0802,172704.73,1603535399999,187815.729009,544,71266.81,77684.42985,0
1603535400000,1.0842,1.1,1.0599,1.0667,135609.24,1603536299999,145736.393604,675,68930.59,74354.336297,0
1603536300000,1.0671,1.0789,1.061,1.0789,71689.9,1603537199999,76393.735098,251,20162.35,21576.508771,0
1603537200000,1.0789,1.0789,1.074,1.0745,17525.95,1603538099999,18862.678818,92,6247.75,6733.424415,0
1603538100000,1.074,1.0741,1.0462,1.056,97397.4,1603538999999,102671.700172,423,50046.25,52636.805471,0
1603539000000,1.057,1.0748,1.055,1.0572,77660.72,1603539899999,82651.509034,444,47046.71,50062.510958,0
1603539900000,1.0567,1.0596,1.0375,1.0476,121872.71,1603540799999,127722.46261,297,52253.86,54890.147107,0
1603540800000,1.0435,1.08,1.0428,1.0767,90542.71,1603541699999,96206.238406,305,58169.91,61949.28576,0
1603541700000,1.0712,1.0885,1.069,1.0817,68604.11,1603542599999,73987.949468,207,38831.64,41959.512143,0
1603542600000,1.0819,1.0819,1.0519,1.0766,141036.14,1603543499999,150706.925957,603,70736.01,75597.180414,0
1603543500000,1.0766,1.0822,1.0518,1.0518,93106.25,1603544399999,99673.13174,298,43552.4,46680.565706,0
1603544400000,1.0571,1.0727,1.0518,1.0699,53640.36,1603545299999,56968.593698,192,26515.06,28156.332401,0
1603545300000,1.0708,1.0723,1.0477,1.0504,59649.88,1603546199999,62891.942709,217,20602.02,21746.856251,0
1603546200000,1.05,1.0542,1.032,1.0359,76842.03,1603547099999,80120.241919,221,13785.14,14367.934761,0
1603547100000,1.0329,1.0359,1.0231,1.03,161664.63,1603547999999,166278.070688,379,51014.36,52508.680981,0
1603548000000,1.0299,1.0336,1.0031,1.0177,100378.3,1603548899999,101841.167346,512,32069.29,32552.316194,0
1603548900000,1.0176,1.02,0.9844,0.9974,218666.91,1603549799999,218337.001696,786,82763.05,82710.615915,0
1603549800000,0.9974,1.0096,0.982,1.0063,211137.73,1603550699999,210014.809284,639,109171.73,108757.864719,0
1603550700000,1.0043,1.015,0.9921,1.0128,85076.62,1603551599999,85345.127741,507,54836.9,55016.351627,0
1603551600000,1.0131,1.0389,0.9955,1.01,173882.83,1603552499999,176554.555424,650,102846.87,104566.07737,0
1603552500000,1.0088,1.0206,1.0051,1.0096,84477.99,1603553399999,85945.950663,192,54230.55,55188.694987,0
1603553400000,1.0089,1.0126,0.9951,0.9951,58737.02,1603554299999,58907.418235,192,20288.86,20337.268159,0
1603554300000,0.995,1.0034,0.99,0.992,54604.38,1603555199999,54376.661005,172,19924.02,19833.897957,0
1603555200000,0.992,0.9961,0.98,0.9879,87903.23,1603556099999,86648.333808,292,32336.2,31933.272705,0
1603556100000,0.9822,0.9925,0.9802,0.9925,74586.78,1603556999999,73868.830948,150,61759.4,61236.039475,0
1603557000000,0.9925,1.03,0.9925,1.01,146987.44,1603557899999,149035.261159,377,81051.12,82247.450395,0
1603557900000,1.0101,1.02,1.0074,1.0176,49225.75,1603558799999,49854.333526,146,32325.59,32744.913174,0
1603558800000,1.0196,1.0196,1.001,1.005,51667.66,1603559699999,52073.021794,140,24157.48,24384.615217,0
1603559700000,1.005,1.005,0.9977,0.9979,55907.23,1603560599999,55942.38179,154,39131.17,39161.279733,0
1603560600000,0.9979,1.002,0.9865,0.99,52787.62,1603561499999,52459.789787,182,16379.28,16301.574771,0
1603561500000,0.9898,1.007,0.9856,1.0019,54626.29,1603562399999,54372.260122,238,29223.0,29069.246794,0
1603562400000,1.005,1.005,0.9788,0.9857,97383.2,1603563299999,96153.931489,253,31251.61,30896.18963,0
1603563300000,0.9798,0.9946,0.954,0.954,272598.2,1603564199999,264078.155574,807,77748.12,75220.336867,0
1603564200000,0.9541,0.9707,0.9495,0.9501,164208.87,1603565099999,157281.123345,490,65212.64,62642.751321,0
1603565100000,0.9521,0.9681,0.9496,0.9681,55836.05,1603565999999,53585.398012,250,30774.98,29513.955038,0
1603566000000,0.9682,0.9682,0.9495,0.9533,73515.79,1603566899999,70106.718293,214,39075.09,37272.887848,0
1603566900000,0.9502,0.9676,0.9367,0.945,91709.29,1603567799999,87026.08149,363,43923.19,41739.396939,0
1603567800000,0.945,0.9567,0.9369,0.942,76755.92,1603568699999,72413.29884,246,37198.87,35129.240441,0
1603568700000,0.9448,0.9497,0.9355,0.9427,47314.28,1603569599999,44530.300605,113,15231.29,14402.47241,0
1603569600000,0.9438,0.9626,0.9405,0.9415,96454.71,1603570499999,91590.070013,261,65104.86,61782.633636,0
1603570500000,0.946,0.9559,0.9428,0.9428,48069.29,1603571399999,45744.758241,133,25488.14,24268.908912,0
1603571400000,0.9474,0.9561,0.9424,0.9445,28361.97,1603572299999,26935.916492,113,11298.31,10750.476884,0
1603572300000,0.9433,0.9489,0.9353,0.937,25556.16,1603573199999,24019.568333,119,6627.81,6244.69462,0
1603573200000,0.9387,0.9389,0.9321,0.9369,49726.85,1603574099999,46437.730102,118,13071.54,12230.389143,0
1603574100000,0.9369,0.937,0.934,0.9349,11440.89,1603574999999,10699.542385,53,5346.93,5004.210853,0
1603575000000,0.934,0.949,0.934,0.9487,29307.61,1603575899999,27551.760503,128,18783.52,17651.162883,0
1603575900000,0.9469,0.9573,0.9469,0.9557,34880.77,1603576799999,33259.867784,155,13893.49,13238.724149,0
1603576800000,0.9557,0.9568,0.943,0.9432,39686.52,1603577699999,37667.345542,125,8823.66,8372.61586,0
1603577700000,0.9426,0.9539,0.94,0.9539,16795.54,1603578599999,15886.210142,74,7116.76,6749.621439,0
1603578600000,0.954,0.9548,0.9519,0.9547,6263.17,1603579499999,5971.300543,52,2324.92,2217.366939,0
1603579500000,0.954,0.9698,0.954,0.9697,38224.11,1603580399999,36802.387392,118,24188.02,23273.718311,0
1603580400000,0.9696,0.9698,0.9518,0.9555,69142.15,1603581299999,66287.814076,125,17692.24,16956.565023,0
1603581300000,0.9519,0.961,0.9458,0.9609,36655.13,1603582199999,34969.395729,96,8999.09,8608.287913,0
1603582200000,0.9608,0.9853,0.9607,0.9844,119127.1,1603583099999,116442.484613,299,76619.6,74860.594081,0
1603583100000,0.985,0.9888,0.9429,0.9466,115968.11,1603583999999,112427.338462,290,44752.16,43718.880226,0
1603584000000,0.9503,0.953,0.9234,0.9312,165154.22,1603584899999,154529.498968,555,64563.85,60509.619793,0
1603584900000,0.9319,0.9526,0.9294,0.9381,117810.66,1603585799999,111062.596381,516,51079.99,48129.704377,0
1603585800000,0.9348,0.9497,0.9327,0.949,17619.37,1603586699999,16579.138718,117,9492.18,8939.009766,0
1603586700000,0.9449,0.9498,0.9431,0.9498,16569.33,1603587599999,15659.513228,117,11326.9,10711.621969,0
1603587600000,0.9495,0.9641,0.9375,0.9375,85754.34,1603588499999,81682.354702,326,53461.95,51048.517232,0
1603588500000,0.9411,0.9454,0.9374,0.9429,15737.37,1603589399999,14826.224176,136,10010.52,9428.810269,0
1603589400000,0.9413,0.9449,0.927,0.9326,59362.79,1603590299999,55307.363352,174,14051.53,13079.58046,0
1603590300000,0.9302,0.9321,0.91,0.916,114765.97,1603591199999,105611.869154,300,57409.06,52887.174204,0
1603591200000,0.916,0.9198,0.91,0.9132,67314.29,1603592099999,61499.740364,172,30691.27,28101.967242,0
1603592100000,0.9127,0.9214,0.9101,0.9163,31304.85,1603592999999,28574.137692,85,11194.51,10242.730682,0
1603593000000,0.919,0.9191,0.8931,0.9056,172475.3,1603593899999,155720.176328,560,86793.6,78168.768995,0
1603593900000,0.9095,0.9122,0.8999,0.9,26339.39,1603594799999,23890.231072,92,10930.03,9932.915712,0
1603594800000,0.9028,0.9086,0.8954,0.9,24119.44,1603595699999,21748.442008,80,11495.44,10376.575178,0
1603595700000,0.8997,0.905,0.8691,0.8838,202703.55,1603596599999,178888.182099,705,100963.81,89012.669564,0
1603596600000,0.8838,0.8925,0.8808,0.8834,67230.13,1603597499999,59590.379604,229,28967.59,25686.121449,0
1603597500000,0.8822,0.8899,0.88,0.8829,33174.86,1603598399999,29308.889882,250,24498.21,21651.196797,0
1603598400000,0.8824,0.9,0.8824,0.9,43585.23,1603599299999,38929.27092,251,22022.18,19691.671235,0
1603599300000,0.9011,0.9149,0.8938,0.9012,84525.9,1603600199999,76514.101397,363,37228.32,33683.765241,0
1603600200000,0.8997,0.9002,0.8798,0.8881,78902.64,1603601099999,70167.918059,405,37930.88,33734.911362,0
1603601100000,0.8884,0.8892,0.861,0.87,136458.34,1603601999999,118747.624487,478,58003.33,50560.82519,0
1603602000000,0.87,0.8914,0.867,0.8699,83197.99,1603602899999,73112.957271,387,41987.19,36915.992326,0
1603602900000,0.8694,0.8768,0.8646,0.8691,31562.55,1603603799999,27469.812605,222,16376.59,14271.486665,0
1603603800000,0.8688,0.8698,0.857,0.8601,47719.55,1603604699999,41152.409292,228,7062.36,6088.66552,0
1603604700000,0.8592,0.8716,0.8431,0.8697,165441.56,1603605599999,141030.992786,566,73036.4,62415.763905,0
1603605600000,0.8696,0.8856,0.8506,0.883,183498.02,1603606499999,159828.201915,403,80682.74,70299.638481,0
1603606500000,0.8829,0.8939,0.881,0.89,42051.68,1603607399999,37331.072868,188,27165.63,24093.008285,0
1603607400000,0.8856,0.8904,0.8818,0.8858,31633.17,1603608299999,27985.214429,93,11276.13,9979.77682,0
1603608300000,0.8866,0.892,0.8824,0.884,26261.42,1603609199999,23285.981036,109,5894.14,5234.347572,0
1603609200000,0.884,0.8862,0.8607,0.8635,62833.28,1603610099999,54704.65596,207,19185.42,16645.069062,0
1603610100000,0.8632,0.865,0.8588,0.8614,60035.02,1603610999999,51827.044653,138,48672.04,42030.576594,0
1603611000000,0.8654,0.8666,0.855,0.8561,26592.27,1603611899999,22851.553407,108,8664.1,7461.591014,0
1603611900000,0.8556,0.899,0.8555,0.8981,140519.12,1603612799999,123681.199712,354,52645.42,46283.076764,0
1603612800000,0.8983,0.9039,0.8878,0.8983,64302.79,1603613699999,57751.232364,223,37610.94,33798.626131,0
1603613700000,0.898,0.898,0.8798,0.8831,61250.17,1603614599999,54176.543513,152,36040.44,31878.738121,0
1603614600000,0.8822,0.89,0.8736,0.8889,61283.58,1603615499999,54045.243209,183,36260.75,31953.082413,0
1603615500000,0.8837,0.8901,0.8835,0.8901,17804.4,1603616399999,15796.881664,74,7623.55,6766.756417,0
1603616400000,0.8908,0.921,0.8908,0.9202,135187.82,1603617299999,122801.743898,381,82380.57,74773.709291,0
1603617300000,0.9201,0.9287,0.91,0.9271,82129.71,1603618199999,75779.621023,270,37767.43,34841.465932,0
1603618200000,0.9246,0.9298,0.9244,0.9246,43902.32,1603619099999,40733.829244,101,15644.38,14533.043574,0
1603619100000,0.9257,0.9284,0.9022,0.9247,70640.91,1603619999999,64474.626279,368,41136.9,37535.664485,0
1603620000000,0.9246,0.9246,0.906,0.9218,46884.38,1603620899999,42960.057266,154,14958.82,13690.511191,0
1603620900000,0.9224,0.9295,0.9159,0.9159,34501.24,1603621799999,31899.562225,165,15922.07,14739.030724,0
1603621800000,0.9159,0.9298,0.9159,0.9275,50829.87,1603622699999,47004.365013,84,33585.08,31115.244558,0
1603622700000,0.9288,0.9291,0.9083,0.9112,43661.12,1603623599999,40145.152011,166,19126.37,17565.843769,0
1603623600000,0.9106,0.9128,0.8917,0.894,42363.46,1603624499999,38208.086833,158,10310.64,9297.373899,0
1603624500000,0.8933,0.91,0.8739,0.8861,156527.66,1603625399999,139645.158403,506,75011.11,67105.967892,0
1603625400000,0.8863,0.8865,0.876,0.8795,41365.69,1603626299999,36399.288824,124,8963.44,7890.872883,0
1603626300000,0.8793,0.9279,0.8789,0.92,184504.4,1603627199999,168164.962672,535,114472.57,104241.427349,0
1603627200000,0.92,0.9279,0.909,0.913,82583.0,1603628099999,75805.210442,226,43701.93,40173.737339,0
1603628100000,0.9102,0.9106,0.9,0.905,22754.43,1603628999999,20567.737228,76,5624.29,5084.69198,0
1603629000000,0.9054,0.9054,0.9009,0.902,12257.03,1603629899999,11065.190059,75,6535.52,5901.47582,0
1603629900000,0.9001,0.9173,0.8918,0.917,59508.99,1603630799999,53898.966369,264,37554.17,34056.458233,0
1603630800000,0.917,0.918,0.9039,0.91,21306.64,1603631699999,19403.998039,89,8380.51,7616.833566,0
1603631700000,0.906,0.9113,0.9059,0.9077,11402.3,1603632599999,10361.689291,51,4137.02,3761.724478,0
1603632600000,0.9116,0.9116,0.8985,0.9003,14950.7,1603633499999,13511.644702,66,795.39,719.877047,0
1603633500000,0.8996,0.901,0.889,0.8893,27953.14,1603634399999,24968.077539,129,12292.79,10978.646204,0
1603634400000,0.8901,0.893,0.8846,0.891,14371.8,1603635299999,12769.517207,68,7412.62,6590.456066,0
1603635300000,0.893,0.8983,0.89,0.8979,11560.61,1603636199999,10327.753097,54,6274.97,5613.680726,0
1603636200000,0.8979,0.898,0.89,0.89,10071.32,1603637099999,9010.520306,49,6280.77,5628.679315,0
1603637100000,0.89,0.89,0.8826,0.8856,18469.32,1603637999999,16399.230598,55,10959.86,9736.628873,0
1603638000000,0.8898,0.906,0.8884,0.9019,43330.9,1603638899999,38848.304533,129,21284.0,19088.726854,0
1603638900000,0.8965,0.9063,0.8885,0.9063,32554.71,1603639799999,29222.713035,126,23722.97,21307.134937,0
1603639800000,0.905,0.9125,0.8996,0.9044,37985.32,1603640699999,34399.572123,172,20319.27,18422.669634,0
1603640700000,0.9044,0.9045,0.889,0.8948,26969.79,1603641599999,24124.741322,94,3982.68,3558.173154,0
1603641600000,0.8898,0.8981,0.878,0.8923,34437.88,1603642499999,30522.834261,186,17653.34,15687.410463,0
1603642500000,0.8983,0.8985,0.8788,0.8801,44713.02,1603643399999,39628.937469,98,13098.22,11650.423239,0
1603643400000,0.8803,0.8833,0.878,0.8829,6487.24,1603644299999,5715.604803,31,656.65,579.749413,0
1603644300000,0.8829,0.8829,0.8666,0.8765,29638.77,1603645199999,25894.099068,125,14769.91,12915.963329,0
1603645200000,0.8783,0.8889,0.8749,0.8889,35354.27,1603646099999,31187.557241,122,14728.18,13017.613435,0
1603646100000,0.8828,0.899,0.8828,0.8989,24716.73,1603646999999,22053.656362,91,16748.59,14949.095938,0
1603647000000,0.8989,0.899,0.8898,0.8929,10394.95,1603647899999,9291.389975,58,4984.12,4463.50928,0
1603647900000,0.8929,0.8932,0.8829,0.8858,14728.72,1603648799999,13081.882525,58,4997.88,4428.276363,0
1603648800000,0.8862,0.8923,0.8842,0.8905,13808.85,1603649699999,12294.841767,57,9064.51,8074.655598,0
1603649700000,0.8906,0.9085,0.8906,0.9079,52109.58,1603650599999,46806.883952,201,42416.35,38093.258625,0
1603650600000,0.9079,0.9229,0.9032,0.92,58714.22,1603651499999,53818.827764,211,42695.79,39133.670503,0
1603651500000,0.9201,0.921,0.9085,0.9119,28900.99,1603652399999,26475.823807,164,10527.8,9659.679558,0
1603652400000,0.9122,0.9171,0.9116,0.914,13511.43,1603653299999,12337.392282,44,4283.22,3911.778174,0
1603653300000,0.914,0.9189,0.9129,0.9185,28597.4,1603654199999,26187.059893,133,13924.45,12747.028805,0
1603654200000,0.9189,0.929,0.9185,0.9289,27032.76,1603655099999,24975.027167,102,18822.65,17376.336304,0
1603655100000,0.9288,0.93,0.9248,0.93,67748.37,1603655999999,62896.250138,121,51439.86,47779.368734,0
1603656000000,0.9299,0.9765,0.9256,0.9688,228549.71,1603656899999,217528.470164,950,171293.86,162494.533837,0
1603656900000,0.9688,0.99,0.9631,0.9781,124320.0,1603657799999,121575.793283,313,67252.15,65948.778745,0
1603657800000,0.9775,0.9783,0.9624,0.9681,66094.02,1603658699999,64328.116857,160,31836.32,31041.318268,0
1603658700000,0.9682,0.9757,0.9444,0.9461,51743.63,1603659599999,49647.719694,235,16698.23,16032.497738,0
1603659600000,0.9503,0.9682,0.9503,0.9647,42226.51,1603660499999,40513.590663,180,25605.44,24544.870343,0
1603660500000,0.96,0.9712,0.96,0.9709,31071.51,1603661399999,30037.315756,100,15416.95,14920.231459,0
1603661400000,0.9705,0.9758,0.9554,0.9556,42535.45,1603662299999,41093.289599,97,19006.19,18410.924118,0
1603662300000,0.9557,0.9751,0.9536,0.975,62575.77,1603663199999,60296.749072,134,25298.21,24476.04964,0
1603663200000,0.975,0.9827,0.9701,0.9812,51108.35,1603664099999,49984.950547,176,38709.9,37885.888787,0
1603664100000,0.981,0.9814,0.9632,0.9684,64095.96,1603664999999,62501.348414,153,44458.23,43466.638199,0
1603665000000,0.9655,0.9742,0.9629,0.966,42526.07,1603665899999,41168.812536,145,12452.01,12072.25496,0
1603665900000,0.9675,0.9681,0.9584,0.9646,17894.17,1603666799999,17236.44998,99,4957.84,4785.891152,0
1603666800000,0.9607,0.965,0.9391,0.944,73784.16,1603667699999,70011.947741,227,33384.29,31698.10818,0
1603667700000,0.9439,0.9446,0.932,0.9321,63831.41,1603668599999,59734.684878,128,34772.82,32517.554459,0
1603668600000,0.9321,0.9395,0.9064,0.9125,136322.26,1603669499999,125220.320904,601,46797.14,43035.389541,0
1603669500000,0.9125,0.916,0.8954,0.9033,119114.66,1603670399999,107495.325982,334,69985.48,63191.05762,0
1603670400000,0.9032,0.9061,0.881,0.89,74888.14,1603671299999,66689.684102,348,36647.34,32611.018426,0
1603671300000,0.8899,0.9214,0.8745,0.8846,154657.09,1603672199999,138395.032315,765,72737.94,65465.314689,0
1603672200000,0.8846,0.8849,0.8662,0.8771,153866.19,1603673099999,134311.132906,475,113146.38,98700.250714,0
1603673100000,0.8768,0.8874,0.8704,0.8844,38057.05,1603673999999,33427.200351,246,20201.25,17748.280319,0
1603674000000,0.8861,0.8899,0.8811,0.8866,22376.05,1603674899999,19833.477776,153,8758.98,7765.8914,0
1603674900000,0.8856,0.8867,0.879,0.88,26591.5,1603675799999,23458.549201,84,4589.13,4047.923307,0
1603675800000,0.8805,0.883,0.8752,0.8752,36535.54,1603676699999,32077.384007,86,13919.63,12269.85659,0
1603676700000,0.875,0.8899,0.8748,0.8879,19961.15,1603677599999,17658.442192,80,10566.48,9351.661771,0
1603677600000,0.8879,0.8965,0.8845,0.8965,15072.43,1603678499999,13445.960813,94,10107.01,9022.708986,0
1603678500000,0.8957,0.8991,0.8904,0.8904,15611.89,1603679399999,13955.487398,80,7511.14,6719.799123,0
1603679400000,0.8912,0.8982,0.8869,0.8982,18860.58,1603680299999,16820.474827,97,11940.67,10653.851273,0
1603680300000,0.8982,0.8987,0.896,0.896,11103.7,1603681199999,9969.010798,43,5980.45,5372.790531,0
1603681200000,0.896,0.9029,0.8914,0.9025,32822.41,1603682099999,29467.67115,105,23453.28,21079.123165,0
1603682100000,0.9025,0.9099,0.9009,0.9064,23334.56,1603682999999,21108.883478,91,8878.98,8038.729718,0
1603683000000,0.9059,0.9089,0.9032,0.9084,9969.66,1603683899999,9043.7624,57,6254.94,5677.044429,0
1603683900000,0.9084,0.9084,0.8998,0.9049,13101.7,1603684799999,11840.598113,85,5401.35,4886.544474,0
1603684800000,0.9049,0.92,0.9048,0.916,13500.11,1603685699999,12304.371438,80,11288.44,10279.529565,0
1603685700000,0.916,0.9183,0.8982,0.8982,24060.68,1603686599999,21949.425187,88,3435.6,3149.264569,0
1603686600000,0.8976,0.9026,0.8938,0.8979,10519.27,1603687499999,9432.791441,74,4458.45,4004.770687,0
1603687500000,0.8939,0.8975,0.8893,0.891,21627.82,1603688399999,19297.058269,142,14725.2,13140.970509,0
1603688400000,0.8894,0.8953,0.8881,0.8882,10644.62,1603689299999,9468.867378,78,5306.36,4722.2825,0
1603689300000,0.8882,0.8908,0.88,0.8805,24628.33,1603690199999,21776.610004,108,9237.71,8175.864636,0
1603690200000,0.8808,0.8892,0.8808,0.8891,10497.2,1603691099999,9301.120666,51,5625.82,4984.002513,0
1603691100000,0.8875,0.8916,0.8847,0.8915,5128.1,1603691999999,4558.114117,41,3423.85,3046.112577,0
1603692000000,0.8915,0.8915,0.8801,0.8869,24234.69,1603692899999,21405.203152,114,9625.11,8511.711443,0
1603692900000,0.8884,0.8885,0.8845,0.8871,2222.68,1603693799999,1968.956842,24,1060.22,940.281983,0
1603693800000,0.8848,0.9045,0.8848,0.901,26072.26,1603694699999,23390.069934,148,14788.24,13270.879289,0
1603694700000,0.9012,0.9045,0.8983,0.9019,6984.02,1603695599999,6293.544621,38,1744.43,1570.715597,0
1603695600000,0.9018,0.9039,0.8988,0.903,10189.67,1603696499999,9195.463673,55,4795.78,4322.548516,0
1603696500000,0.9038,0.9038,0.8997,0.9038,11828.62,1603697399999,10671.039953,43,9480.22,8557.345253,0
1603697400000,0.9038,0.9186,0.9002,0.9035,43963.83,1603698299999,40048.235771,235,30745.48,28020.349672,0
1603698300000,0.9072,0.912,0.9048,0.912,28914.41,1603699199999,26288.198773,118,10976.69,9985.785162,0
1603699200000,0.9119,0.9198,0.903,0.9063,44335.4,1603700099999,40390.475477,167,12160.53,11070.086589,0
1603700100000,0.903,0.9062,0.8572,0.8666,119403.7,1603700999999,104377.088164,599,23551.17,20692.413678,0
1603701000000,0.8665,0.8761,0.8665,0.8749,42025.37,1603701899999,36652.378591,237,21805.07,19024.606954,0
1603701900000,0.8728,0.8765,0.869,0.8723,31210.28,1603702799999,27221.156282,116,15246.25,13292.325892,0
1603702800000,0.8724,0.8764,0.85,0.854,127289.49,1603703699999,109211.229863,391,43092.55,36989.64557,0
1603703700000,0.854,0.8555,0.8339,0.8347,134851.03,1603704599999,113785.044875,493,76721.11,64688.822093,0
1603704600000,0.835,0.8383,0.8202,0.8261,192886.94,1603705499999,159595.322211,512,71044.24,58938.388141,0
1603705500000,0.8261,0.8318,0.8119,0.8268,194090.09,1603706399999,159435.769046,549,86768.95,71421.623446,0
1603706400000,0.8288,0.8337,0.8213,0.8337,44301.53,1603707299999,36653.166075,181,25357.42,21003.912242,0
1603707300000,0.8325,0.8352,0.8219,0.822,31891.72,1603708199999,26434.171883,140,8075.07,6705.534632,0
1603708200000,0.8247,0.8277,0.8167,0.8195,55397.39,1603709099999,45481.148853,153,15076.28,12406.287554,0
1603709100000,0.8195,0.823,0.8095,0.8176,95066.27,1603709999999,77447.979009,251,41574.82,33929.988053,0
1603710000000,0.8174,0.8291,0.8073,0.8222,101050.81,1603710899999,82737.165981,251,41349.99,33998.262353,0
1603710900000,0.8228,0.8244,0.816,0.819,24638.38,1603711799999,20202.529744,91,10435.76,8564.641411,0
1603711800000,0.8192,0.8248,0.8178,0.8248,23758.31,1603712699999,19544.252385,109,6482.31,5333.317723,0
1603712700000,0.8249,0.8387,0.8249,0.8362,91358.55,1603713599999,76204.792499,281,49441.36,41219.784287,0
1603713600000,0.8362,0.839,0.81,0.81,144931.12,1603714499999,119312.041656,382,51967.29,42778.491731,0
1603714500000,0.8103,0.8136,0.8056,0.81,57686.65,1603715399999,46721.75993,275,25758.55,20862.474496,0
1603715400000,0.81,0.8127,0.7926,0.799,155693.31,1603716299999,124715.295516,464,66070.93,52905.777979,0
1603716300000,0.799,0.8142,0.7969,0.8,102519.14,1603717199999,82393.105033,437,44628.85,35927.473189,0
1603717200000,0.7999,0.8148,0.796,0.8069,101021.92,1603718099999,81086.513204,399,66807.66,53658.39242,0
1603718100000,0.808,0.82,0.8021,0.818,84128.44,1603718999999,68295.435415,216,68914.52,56004.381368,0
1603719000000,0.8189,0.8204,0.8125,0.8127,29079.78,1603719899999,23754.229315,105,9983.55,8165.752903,0
1603719900000,0.8131,0.8189,0.8021,0.8173,55858.23,1603720799999,45276.58454,147,29113.69,23571.930013,0
1603720800000,0.8151,0.8151,0.807,0.81,14437.52,1603721699999,11709.080653,76,7865.9,6382.442631,0
1603721700000,0.8099,0.8121,0.8023,0.809,18811.72,1603722599999,15204.197433,66,11652.11,9426.469353,0
1603722600000,0.8045,0.8124,0.8025,0.8113,15693.38,1603723499999,12646.414282,96,8174.41,6587.725016,0
1603723500000,0.8115,0.8167,0.8071,0.8145,20004.66,1603724399999,16223.102561,76,10167.92,8258.468988,0
1603724400000,0.8145,0.8188,0.8086,0.815,50879.93,1603725299999,41410.557116,109,25459.16,20698.588459,0
1603725300000,0.815,0.8188,0.807,0.8145,26590.9,1603726199999,21592.442501,90,13506.93,10981.628174,0
1603726200000,0.8096,0.811,0.7832,0.7847,80154.59,1603727099999,64168.43114,276,32978.08,26453.290999,0
1603727100000,0.786,0.7915,0.7744,0.7907,115805.06,1603727999999,90674.252444,268,53412.5,41919.625375,0
1603728000000,0.7894,0.7901,0.7761,0.7809,83537.77,1603728899999,65084.809166,154,15268.95,11917.060991,0
1603728900000,0.7809,0.7949,0.77,0.7711,114352.9,1603729799999,88839.521339,281,31087.81,24286.23784,0
1603729800000,0.7715,0.7715,0.7646,0.7699,97412.97,1603730699999,74910.891201,179,18954.43,14584.512499,0
1603730700000,0.7699,0.7762,0.7699,0.7732,22972.97,1603731599999,17714.933903,98,6780.62,5235.319855,0
1603731600000,0.77,0.774,0.7681,0.7703,31597.25,1603732499999,24348.493263,90,14809.84,11419.591784,0
1603732500000,0.7737,0.7764,0.7685,0.7756,18822.78,1603733399999,14545.378789,92,7264.09,5624.952134,0
1603733400000,0.7756,0.7757,0.7651,0.7688,25890.99,1603734299999,19877.595677,88,13964.7,10715.139458,0
1603734300000,0.7678,0.7865,0.7655,0.7865,66620.45,1603735199999,51720.86618,116,45906.95,35603.19017,0
1603735200000,0.7824,0.7926,0.7794,0.7886,12746.38,1603736099999,10056.642838,76,6896.77,5440.680464,0
1603736100000,0.789,0.7931,0.7887,0.7925,27593.96,1603736999999,21825.049336,73,10404.91,8239.648842,0
1603737000000,0.7925,0.7944,0.789,0.7917,16914.22,1603737899999,13383.443115,68,9542.38,7555.224371,0
1603737900000,0.794,0.8098,0.7933,0.7983,62717.62,1603738799999,50324.27275,197,42523.18,34113.341316,0
1603738800000,0.8015,0.804,0.7977,0.7988,6152.45,1603739699999,4915.187771,27,2957.64,2361.440264,0
1603739700000,0.7977,0.8008,0.7964,0.798,5481.77,1603740599999,4372.618825,23,1465.58,1171.384478,0
1603740600000,0.7964,0.8064,0.7945,0.8027,11099.38,1603741499999,8884.887412,56,9418.5,7540.595711,0
1603741500000,0.8028,0.8028,0.7839,0.7956,54112.87,1603742399999,42830.571175,249,23524.01,18595.514858,0
1603742400000,0.796,0.796,0.7787,0.7893,25974.26,1603743299999,20382.605371,160,10228.0,8027.804546,0
1603743300000,0.7893,0.7922,0.7829,0.788,4641.18,1603744199999,3648.254739,39,1380.4,1087.004669,0
1603744200000,0.7853,0.7888,0.7791,0.7791,7875.33,1603745099999,6180.356677,86,2890.5,2268.281622,0
1603745100000,0.7824,0.7846,0.7769,0.7794,3979.36,1603745999999,3099.661077,30,1482.53,1156.80645,0
1603746000000,0.777,0.7885,0.773,0.7808,27523.58,1603746899999,21501.805526,157,14765.87,11550.880551,0
1603746900000,0.7849,0.7904,0.7849,0.7854,3933.86,1603747799999,3098.622927,33,3377.3,2661.197162,0
1603747800000,0.7866,0.7914,0.786,0.786,11966.94,1603748699999,9442.236135,39,2997.89,2366.817687,0
1603748700000,0.786,0.7927,0.786,0.7915,7863.44,1603749599999,6215.769021,53,4714.31,3730.201278,0
1603749600000,0.7915,0.7987,0.79,0.7987,20735.48,1603750499999,16447.388615,71,11695.81,9287.988304,0
1603750500000,0.796,0.796,0.7884,0.7924,10148.24,1603751399999,8042.669303,39,2651.79,2104.111718,0
1603751400000,0.7881,0.7927,0.7875,0.7897,12290.35,1603752299999,9712.574903,44,6359.77,5036.732169,0
1603752300000,0.7905,0.7926,0.7873,0.7873,17637.08,1603753199999,13936.534915,54,8288.76,6554.850726,0
1603753200000,0.7874,0.7906,0.7837,0.7906,6602.6,1603754099999,5197.336345,33,3047.37,2401.93872,0
1603754100000,0.7907,0.8061,0.7907,0.8061,22876.64,1603754999999,18303.387393,100,13614.55,10897.393562,0
1603755000000,0.8063,0.8344,0.8051,0.8331,83495.4,1603755899999,68727.499584,244,59854.1,49206.959818,0
1603755900000,0.8331,0.8343,0.82,0.8218,60638.37,1603756799999,49977.850685,202,30983.32,25596.042453,0
1603756800000,0.8201,0.8396,0.81,0.8341,57004.25,1603757699999,47056.222589,197,27049.77,22454.116283,0
1603757700000,0.8342,0.837,0.8211,0.8233,32483.09,1603758599999,26984.41001,146,17683.09,14676.470874,0
1603758600000,0.8227,0.827,0.8204,0.823,11864.14,1603759499999,9758.103795,51,380.17,313.68031,0
1603759500000,0.8229,0.8229,0.8157,0.8173,20566.56,1603760399999,16851.182847,58,7066.21,5785.780204,0
1603760400000,0.8191,0.8191,0.8151,0.8155,3678.01,1603761299999,2999.878775,25,2134.24,1741.03393,0
1603761300000,0.8151,0.8157,0.8,0.8,40663.5,1603762199999,32823.986843,191,18923.0,15246.767686,0
1603762200000,0.8002,0.8002,0.7846,0.7914,52772.1,1603763099999,41818.216632,283,22832.39,18102.845115,0
1603763100000,0.7914,0.7936,0.7782,0.7797,19898.53,1603763999999,15638.147468,126,6738.4,5314.928253,0
1603764000000,0.7813,0.7814,0.7782,0.7798,31265.21,1603764899999,24381.904557,164,24830.45,19365.969516,0
1603764900000,0.7799,0.78,0.778,0.779,9635.22,1603765799999,7508.936372,30,6750.64,5264.117649,0
1603765800000,0.7791,0.7961,0.779,0.795,34336.66,1603766699999,27111.908353,137,13812.81,10842.803463,0
1603766700000,0.795,0.795,0.78,0.7838,19367.42,1603767599999,15215.095688,67,6644.23,5243.326858,0
1603767600000,0.7811,0.7839,0.7769,0.7797,25890.63,1603768499999,20150.004318,67,19878.24,15464.357961,0
1603768500000,0.7802,0.7926,0.779,0.7878,7396.49,1603769399999,5804.742895,54,4048.66,3183.651107,0
1603769400000,0.7913,0.7913,0.78,0.7812,9787.63,1603770299999,7677.07169,43,1597.27,1253.853203,0
1603770300000,0.7834,0.7851,0.782,0.7851,2900.02,1603771199999,2270.075729,14,1031.92,808.930619,0
1603771200000,0.7851,0.792,0.7851,0.7919,8761.15,1603772099999,6898.571596,31,8198.4,6453.798217,0
1603772100000,0.792,0.8112,0.788,0.811,36680.37,1603772999999,29439.239325,134,26864.97,21591.635163,0
1603773000000,0.811,0.811,0.8063,0.8082,8805.27,1603773899999,7115.328483,33,2992.72,2418.066476,0
1603773900000,0.8082,0.8082,0.7948,0.7958,9413.21,1603774799999,7529.286523,58,3534.01,2826.296514,0
1603774800000,0.7978,0.8119,0.7978,0.811,26268.8,1603775699999,21129.463411,96,20486.24,16455.000437,0
1603775700000,0.8089,0.8089,0.8027,0.8028,31188.78,1603776599999,25062.574882,40,15906.83,12782.862314,0
1603776600000,0.8036,0.8084,0.8001,0.8001,34506.23,1603777499999,27714.749098,62,14883.63,11959.56205,0
1603777500000,0.8006,0.8006,0.7854,0.7936,27957.17,1603778399999,22139.448978,203,12554.06,9948.590696,0
1603778400000,0.7933,0.7948,0.7632,0.7734,223187.37,1603779299999,171864.705672,639,71610.76,55220.99479,0
1603779300000,0.7732,0.7744,0.7688,0.7707,18567.34,1603780199999,14323.383227,187,9003.32,6951.583524,0
1603780200000,0.7691,0.77,0.7632,0.766,68981.14,1603781099999,52741.857945,158,16227.63,12434.22968,0
1603781100000,0.7674,0.7712,0.7598,0.7711,41073.22,1603781999999,31392.112856,265,22768.86,17416.545275,0
1603782000000,0.7711,0.7733,0.7663,0.771,13152.37,1603782899999,10149.419326,56,4581.71,3539.410515,0
1603782900000,0.7709,0.7715,0.767,0.7678,6412.76,1603783799999,4927.270729,40,804.99,619.400927,0
1603783800000,0.7706,0.7743,0.7703,0.7715,5948.55,1603784699999,4597.128006,42,4296.83,3321.446334,0
1603784700000,0.7737,0.7758,0.772,0.7721,26416.67,1603785599999,20408.537558,94,6757.39,5225.093258,0
1603785600000,0.7721,0.7764,0.7598,0.7614,105594.55,1603786499999,80836.103562,215,28177.08,21584.870986,0
1603786500000,0.7613,0.7714,0.7588,0.7628,84786.7,1603787399999,64579.232337,149,21244.84,16271.77534,0
1603787400000,0.762,0.7633,0.7565,0.7565,22013.77,1603788299999,16715.26601,81,7057.77,5367.705861,0
1603788300000,0.7576,0.7696,0.7576,0.7678,16877.28,1603789199999,12916.041826,54,14208.07,10872.038612,0
1603789200000,0.7679,0.7766,0.7665,0.773,27783.44,1603790099999,21456.839627,73,16320.51,12634.607865,0
1603790100000,0.773,0.7764,0.7646,0.769,13729.82,1603790999999,10556.24867,56,2445.78,1883.424482,0
1603791000000,0.7662,0.7781,0.764,0.7754,35280.5,1603791899999,27249.146332,100,21114.57,16308.891681,0
1603791900000,0.7752,0.7763,0.7713,0.7738,6022.65,1603792799999,4661.919795,29,4372.58,3388.009326,0
1603792800000,0.7737,0.7738,0.7576,0.759,54333.68,1603793699999,41488.19211,112,14421.28,11030.612669,0
1603793700000,0.7579,0.7615,0.756,0.7599,15247.99,1603794599999,11564.041932,64,4428.39,3364.975749,0
1603794600000,0.7597,0.7752,0.7597,0.7716,35590.27,1603795499999,27337.922057,170,24140.93,18544.99731,0
1603795500000,0.7732,0.7767,0.7686,0.7711,15442.45,1603796399999,11963.090717,61,11066.07,8574.443353,0
1603796400000,0.771,0.7738,0.77,0.7738,3805.56,1603797299999,2932.878973,14,2265.88,1746.93382,0
1603797300000,0.7706,0.7725,0.7665,0.7689,9500.01,1603798199999,7305.529543,57,2022.39,1560.371221,0
1603798200000,0.7689,0.7712,0.7649,0.7689,6329.97,1603799099999,4862.709764,39,1825.67,1404.549908,0
1603799100000,0.7699,0.7761,0.7697,0.7761,12013.97,1603799999999,9280.334025,52,8435.42,6513.443668,0
1603800000000,0.776,0.779,0.7718,0.7771,10914.71,1603800899999,8466.820859,57,6997.49,5435.657642,0
1603800900000,0.777,0.81,0.777,0.81,66003.53,1603801799999,52476.592527,302,45177.58,35962.729757,0
1603801800000,0.81,0.8175,0.8035,0.8035,87542.16,1603802699999,71038.120765,241,54168.24,43947.473734,0
1603802700000,0.805,0.81,0.7961,0.8016,45522.33,1603803599999,36555.617782,150,26923.23,21622.909562,0
1603803600000,0.8026,0.8112,0.8015,0.803,14577.02,1603804499999,11721.350769,68,9673.5,7782.65347,0
1603804500000,0.8056,0.8106,0.8031,0.8095,15573.71,1603805399999,12582.05189,80,9417.64,7613.15634,0
1603805400000,0.8096,0.814,0.8069,0.814,21232.73,1603806299999,17196.860651,64,19118.76,15488.133683,0
1603806300000,0.814,0.8192,0.814,0.8192,87095.49,1603807199999,71226.531013,149,81659.54,66788.028428,0
1603807200000,0.82,0.8343,0.82,0.831,66456.38,1603808099999,55048.011865,246,39306.46,32593.967528,0
1603808100000,0.8294,0.8305,0.8211,0.8267,24980.43,1603808999999,20636.175277,97,10636.96,8806.758185,0
1603809000000,0.8233,0.8237,0.8094,0.8121,25171.42,1603809899999,20531.573043,86,6104.24,4973.594699,0
1603809900000,0.812,0.812,0.8072,0.8072,4335.76,1603810799999,3508.765942,24,3534.22,2861.082194,0
1603810800000,0.8098,0.811,0.8062,0.811,7065.92,1603811699999,5714.78149,45,5641.41,4566.251646,0
1603811700000,0.812,0.8176,0.812,0.8161,10357.57,1603812599999,8450.284945,56,5348.82,4369.411442,0
1603812600000,0.8161,0.8335,0.8161,0.8333,21593.25,1603813499999,17851.712038,134,12507.74,10346.627474,0
1603813500000,0.832,0.8333,0.818,0.8187,36419.17,1603814399999,30074.213093,124,14900.95,12370.544059,0
1603814400000,0.8188,0.8245,0.812,0.8234,34544.28,1603815299999,28247.530371,140,17300.58,14167.381585,0
1603815300000,0.8208,0.8295,0.82,0.8257,16960.03,1603816199999,13989.239829,79,6098.11,5037.503581,0
1603816200000,0.8257,0.8306,0.814,0.8209,35368.58,1603817099999,29154.006691,114,16459.02,13619.711704,0
1603817100000,0.8209,0.8219,0.8142,0.8178,26370.82,1603817999999,21583.541408,115,7533.93,6178.689381,0
1603818000000,0.8175,0.8177,0.8133,0.815,17014.43,1603818899999,13857.899684,60,8393.9,6836.994635,0
1603818900000,0.8144,0.8178,0.8112,0.8151,14277.3,1603819799999,11620.278709,57,5460.82,4448.439947,0
1603819800000,0.8151,0.8151,0.8116,0.8116,6894.57,1603820699999,5608.847662,37,3342.92,2722.09181,0
1603820700000,0.8116,0.8137,0.8089,0.81,17697.93,1603821599999,14343.725459,59,5266.66,4270.311719,0
1603821600000,0.809,0.81,0.8042,0.8055,11812.14,1603822499999,9532.171605,46,3722.1,3000.301953,0
1603822500000,0.8055,0.8056,0.7961,0.7961,26102.12,1603823399999,20903.897504,99,12421.43,9938.484549,0
1603823400000,0.7976,0.7976,0.7855,0.7861,35252.68,1603824299999,27877.827747,95,7780.99,6151.376912,0
1603824300000,0.7852,0.7865,0.78,0.7865,14339.76,1603825199999,11219.992062,60,7660.51,5993.593471,0
1603825200000,0.7862,0.7862,0.781,0.7824,809.98,1603826099999,633.778747,12,161.01,126.56936,0
1603826100000,0.7819,0.785,0.781,0.785,6672.64,1603826999999,5221.829733,27,4168.91,3264.350342,0
1603827000000,0.7851,0.7851,0.7786,0.7851,5286.47,1603827899999,4126.368059,31,1860.85,1452.864303,0
1603827900000,0.7844,0.7844,0.7687,0.7714,29202.36,1603828799999,22603.661362,97,6873.01,5310.502392,0
1603828800000,0.7712,0.7724,0.7676,0.7706,7628.56,1603829699999,5869.275562,30,3329.52,2566.78673,0
1603829700000,0.7725,0.7769,0.7681,0.7768,16083.04,1603830599999,12444.167054,41,11360.96,8795.616287,0
1603830600000,0.777,0.7824,0.777,0.7823,15701.2,1603831499999,12260.693256,58,11792.65,9207.645132,0
1603831500000,0.7813,0.7875,0.7748,0.7875,17736.14,1603832399999,13899.407434,61,12218.79,9592.407229,0
1603832400000,0.7875,0.7976,0.7875,0.791,10721.01,1603833299999,8475.392539,60,4842.09,3832.464164,0
1603833300000,0.7886,0.7909,0.7875,0.7909,7088.41,1603834199999,5595.963525,28,5097.21,4027.718897,0
1603834200000,0.7878,0.7908,0.7807,0.781,22053.24,1603835099999,17319.888281,49,10033.44,7861.908039,0
1603835100000,0.781,0.7827,0.7776,0.7822,9716.93,1603835999999,7586.285179,33,4804.71,3758.528553,0
1603836000000,0.7822,0.7824,0.7753,0.7777,22963.84,1603836899999,17920.48203,32,6251.42,4884.124254,0
1603836900000,0.7777,0.7795,0.7666,0.7667,16177.05,1603837799999,12441.633242,61,465.13,358.965503,0
1603837800000,0.7667,0.7817,0.7667,0.7817,20865.63,1603838699999,16173.212899,54,12640.39,9809.155599,0
1603838700000,0.7816,0.7894,0.7816,0.7829,9678.79,1603839599999,7595.80608,42,8946.61,7019.715113,0
1603839600000,0.7831,0.7849,0.781,0.7848,920.15,1603840499999,720.782043,13,613.22,480.480451,0
1603840500000,0.7849,0.7879,0.7824,0.7879,2931.43,1603841399999,2299.998883,24,1651.58,1297.909847,0
1603841400000,0.786,0.7886,0.781,0.7851,2581.44,1603842299999,2021.188245,31,1127.28,883.493987,0
1603842300000,0.7851,0.7872,0.7793,0.781,7917.99,1603843199999,6173.572907,27,2628.58,2050.502867,0
1603843200000,0.7824,0.7841,0.7505,0.7665,116123.29,1603844099999,88725.78171,466,19365.01,14777.546205,0
1603844100000,0.7662,0.7681,0.7561,0.76,20157.7,1603844999999,15337.004697,142,8530.98,6490.617632,0
1603845000000,0.76,0.762,0.7598,0.7619,14333.28,1603845899999,10897.081285,43,13696.3,10412.303229,0
1603845900000,0.762,0.7629,0.7595,0.7628,5355.6,1603846799999,4074.932502,62,1757.31,1338.264075,0
1603846800000,0.7621,0.7641,0.7596,0.7641,1209.46,1603847699999,921.523398,19,1027.48,783.220299,0
1603847700000,0.762,0.7649,0.76,0.7628,8811.2,1603848599999,6717.520861,33,3097.18,2367.12941,0
1603848600000,0.7629,0.766,0.7622,0.7635,3801.77,1603849499999,2905.385729,20,499.88,382.735147,0
1603849500000,0.7631,0.7656,0.762,0.7631,3417.91,1603850399999,2606.722105,32,1682.72,1283.900922,0
1603850400000,0.763,0.7709,0.763,0.769,6765.38,1603851299999,5197.336886,51,5774.79,4436.594619,0
1603851300000,0.7689,0.8001,0.7654,0.8,56165.97,1603852199999,44078.658001,212,27932.35,21876.391612,0
1603852200000,0.8,0.8035,0.7922,0.7948,24382.94,1603853099999,19477.724882,97,8695.04,6957.778822,0
1603853100000,0.7944,0.796,0.7886,0.7886,7430.62,1603853999999,5888.421978,37,2427.6,1925.741993,0
1603854000000,0.788,0.7925,0.7852,0.7852,9712.12,1603854899999,7647.246686,37,2655.77,2097.69275,0
1603854900000,0.7856,0.7881,0.7837,0.7881,1760.69,1603855799999,1386.088603,16,268.38,211.460642,0
1603855800000,0.7851,0.7851,0.7752,0.7769,12621.31,1603856699999,9821.7025,70,3212.97,2497.317321,0
1603856700000,0.777,0.777,0.7742,0.7742,1333.38,1603857599999,1034.265399,9,3.96,3.07692,0
1603857600000,0.7735,0.7805,0.7735,0.7769,1532.82,1603858499999,1192.228635,22,826.99,644.730375,0
1603858500000,0.7751,0.7769,0.7735,0.7735,5685.34,1603859399999,4399.551258,26,1356.73,1049.940982,0
1603859400000,0.7764,0.7823,0.7764,0.7786,7795.75,1603860299999,6079.550669,27,2193.29,1710.806363,0
1603860300000,0.7824,0.7863,0.776,0.776,9863.78,1603861199999,7699.325272,27,2757.63,2165.663163,0
1603861200000,0.7786,0.7796,0.7582,0.7623,89377.2,1603862099999,68336.173369,331,39806.06,30354.753824,0
1603862100000,0.7607,0.7621,0.757,0.761,8007.18,1603862999999,6078.529253,51,2728.73,2073.459008,0
1603863000000,0.7597,0.7628,0.7594,0.7619,14961.62,1603863899999,11373.153823,48,2327.02,1771.12236,0
1603863900000,0.7619,0.7662,0.7619,0.7619,5714.39,1603864799999,4365.907097,34,3037.26,2325.927503,0
1603864800000,0.763,0.7684,0.763,0.7659,4452.76,1603865699999,3405.068778,34,1647.59,1264.284793,0
1603865700000,0.7659,0.7691,0.7648,0.7688,2830.15,1603866599999,2173.725559,22,2650.58,2036.250842,0
1603866600000,0.7687,0.7688,0.7582,0.7591,29401.76,1603867499999,22384.557201,74,1911.99,1453.746669,0
1603867500000,0.7591,0.7631,0.7571,0.7605,13789.0,1603868399999,10462.983486,31,1041.38,792.578127,0
1603868400000,0.7605,0.7665,0.76,0.7665,12738.76,1603869299999,9721.265613,53,6268.8,4792.24079,0
1603869300000,0.7678,0.769,0.76,0.76,14514.95,1603870199999,11100.415383,60,4654.93,3574.872566,0
1603870200000,0.7601,0.7632,0.76,0.7608,20500.31,1603871099999,15586.122173,31,5401.21,4109.846209,0
1603871100000,0.7609,0.7632,0.76,0.7609,3832.72,1603871999999,2916.76125,27,1904.06,1449.574293,0
1603872000000,0.761,0.761,0.7609,0.7609,3559.7,1603872899999,2708.593756,9,0.0,0.0,0
1603872900000,0.7622,0.7622,0.76,0.7621,10689.78,1603873799999,8141.151352,34,2046.66,1559.174029,0
1603873800000,0.7621,0.7621,0.755,0.7577,28651.93,1603874699999,21674.41374,53,3337.85,2521.738533,0
1603874700000,0.755,0.7596,0.7541,0.7551,1569.77,1603875599999,1184.457481,25,141.52,107.240179,0
1603875600000,0.7551,0.7588,0.7541,0.7578,20087.21,1603876499999,15164.958015,50,2551.44,1935.020967,0
1603876500000,0.7542,0.7578,0.7541,0.7573,2924.78,1603877399999,2212.95395,12,2126.58,1610.920772,0
1603877400000,0.7542,0.7569,0.753,0.753,8475.65,1603878299999,6389.090921,37,654.18,493.637402,0
1603878300000,0.7562,0.7562,0.7465,0.7524,127909.3,1603879199999,96009.738757,137,31574.41,23679.944994,0
1603879200000,0.7524,0.7526,0.75,0.7521,33148.91,1603880099999,24873.353883,41,3081.42,2315.019156,0
1603880100000,0.7503,0.7521,0.75,0.7517,12174.47,1603880999999,9136.21664,36,3115.66,2338.99807,0
1603881000000,0.7517,0.7517,0.748,0.7496,49002.64,1603881899999,36728.022592,43,5887.12,4414.129627,0
1603881900000,0.748,0.751,0.7461,0.7463,23987.66,1603882799999,17936.746614,39,4882.45,3660.353093,0
1603882800000,0.7463,0.7488,0.7395,0.7446,51162.12,1603883699999,38078.4067,89,5301.01,3944.314323,0
1603883700000,0.7449,0.7469,0.7427,0.7427,20882.87,1603884599999,15527.401415,36,199.87,148.928111,0
1603884600000,0.7428,0.7469,0.7427,0.7466,10205.06,1603885499999,7582.350619,25,244.49,182.551188,0
1603885500000,0.7467,0.755,0.7432,0.7441,22546.37,1603886399999,16904.414778,76,12497.35,9365.005507,0
1603886400000,0.744,0.7475,0.7409,0.7409,36910.91,1603887299999,27401.246298,65,13202.55,9808.388785,0
1603887300000,0.7409,0.7428,0.738,0.738,50662.04,1603888199999,37477.639618,62,11581.35,8571.07172,0
1603888200000,0.7381,0.7496,0.738,0.7473,48597.39,1603889099999,36036.688058,83,29239.54,21716.006714,0
1603889100000,0.7469,0.7469,0.7392,0.7411,10250.14,1603889999999,7601.806948,42,2209.87,1641.712827,0
1603890000000,0.744,0.7524,0.7417,0.7506,18002.2,1603890899999,13470.932536,36,14615.74,10935.292001,0
1603890900000,0.7497,0.7522,0.7479,0.7515,1400.88,1603891799999,1050.642054,23,846.64,635.498368,0
1603891800000,0.7501,0.7501,0.741,0.7418,30975.19,1603892699999,23106.501162,54,5181.34,3875.395689,0
1603892700000,0.7425,0.7425,0.7368,0.7379,9020.97,1603893599999,6662.215957,35,1873.71,1385.531546,0
1603893600000,0.7389,0.7455,0.7379,0.7379,20085.1,1603894499999,14844.345457,65,4637.17,3442.033816,0
1603894500000,0.7379,0.7415,0.7351,0.7388,50780.43,1603895399999,37394.75039,66,3594.44,2655.474178,0
1603895400000,0.7351,0.74,0.7328,0.7342,38113.4,1603896299999,28001.225996,67,7291.42,5365.152145,0
1603896300000,0.7342,0.7342,0.7267,0.728,10317.18,1603897199999,7528.943736,76,2727.03,1992.82192,0
1603897200000,0.728,0.732,0.7223,0.7267,28177.12,1603898099999,20484.293331,79,13426.16,9781.780165,0
1603898100000,0.7306,0.7359,0.73,0.7359,2713.99,1603898999999,1989.974661,17,2152.67,1579.328434,0
1603899000000,0.7358,0.7396,0.7301,0.7304,26954.09,1603899899999,19786.159337,64,21974.8,16142.800519,0
1603899900000,0.7285,0.7305,0.7231,0.7275,23645.02,1603900799999,17182.156387,58,3919.95,2853.619547,0
1603900800000,0.7242,0.7257,0.7231,0.7257,5907.52,1603901699999,4274.272736,19,1796.33,1299.644755,0
1603901700000,0.725,0.7276,0.7125,0.7167,28196.56,1603902599999,20245.651359,109,2247.99,1617.19717,0
1603902600000,0.7118,0.7126,0.7003,0.709,31772.41,1603903499999,22462.469558,148,10525.3,7439.905846,0
1603903500000,0.712,0.7121,0.7024,0.7041,11253.09,1603904399999,7934.723097,50,5370.36,3792.722039,0
1603904400000,0.706,0.7088,0.7011,0.7012,23951.94,1603905299999,16812.241483,44,2166.04,1524.132883,0
1603905300000,0.704,0.704,0.6736,0.6869,108136.44,1603906199999,74476.457121,252,30500.86,20963.582878,0
1603906200000,0.6853,0.6853,0.6726,0.6826,66969.73,1603907099999,45273.646598,104,17903.66,12151.826992,0
1603907100000,0.6826,0.6879,0.68,0.6856,12935.41,1603907999999,8858.831164,52,6186.79,4239.278372,0
1603908000000,0.6871,0.6929,0.6871,0.6875,33592.13,1603908899999,23120.88473,70,12716.74,8758.927289,0
1603908900000,0.6907,0.698,0.6872,0.698,25237.82,1603909799999,17396.885483,40,7110.45,4928.617669,0
1603909800000,0.6984,0.7046,0.6944,0.6944,22986.79,1603910699999,16095.258432,63,16088.2,11277.408323,0
1603910700000,0.6969,0.7058,0.6969,0.7058,17418.77,1603911599999,12245.140384,49,10103.83,7105.172022,0
1603911600000,0.7024,0.7165,0.7024,0.712,48018.23,1603912499999,34120.227116,88,30390.86,21590.154984,0
1603912500000,0.717,0.717,0.71,0.7167,13856.64,1603913399999,9900.028132,37,8012.45,5736.46534,0
1603913400000,0.715,0.7165,0.7015,0.7052,14714.87,1603914299999,10427.587966,51,6630.11,4707.662771,0
1603914300000,0.701,0.701,0.6755,0.6807,80184.77,1603915199999,55156.511294,254,33959.47,23359.252827,0
1603915200000,0.6807,0.7003,0.6785,0.6987,38514.34,1603916099999,26550.943113,133,33258.38,22926.033957,0
1603916100000,0.6987,0.6997,0.693,0.6968,2339.38,1603916999999,1632.270402,14,420.74,294.167387,0
1603917000000,0.6968,0.6968,0.6829,0.689,17562.83,1603917899999,12076.335949,34,6741.48,4633.114892,0
1603917900000,0.6888,0.6925,0.6869,0.6912,14862.88,1603918799999,10239.330549,26,8031.04,5534.997983,0
1603918800000,0.6921,0.6941,0.6755,0.6847,60143.92,1603919699999,41023.605936,210,24766.9,16876.904485,0
1603919700000,0.6847,0.6854,0.6818,0.6854,3209.29,1603920599999,2196.31603,34,2695.54,1845.975106,0
1603920600000,0.6853,0.6863,0.6816,0.684,3335.85,1603921499999,2284.749563,67,3150.08,2157.981941,0
1603921500000,0.6821,0.6821,0.668,0.6693,64363.49,1603922399999,43340.280542,116,23169.73,15594.435897,0
1603922400000,0.6723,0.682,0.6666,0.682,17346.24,1603923299999,11720.143089,56,12936.29,8752.722687,0
1603923300000,0.682,0.682,0.67,0.6775,17463.54,1603924199999,11762.538595,46,3712.47,2513.889338,0
1603924200000,0.68,0.6806,0.6758,0.6802,2760.46,1603925099999,1874.771374,12,2061.46,1402.387174,0
1603925100000,0.6802,0.681,0.67,0.6745,24388.94,1603925999999,16393.835787,49,12624.44,8499.139942,0
1603926000000,0.6745,0.6745,0.6686,0.6729,13506.14,1603926899999,9064.8009,47,10325.62,6929.656624,0
1603926900000,0.6727,0.6799,0.6727,0.6757,12092.87,1603927799999,8189.113319,38,8483.98,5744.136385,0
1603927800000,0.6773,0.6806,0.677,0.6806,12369.01,1603928699999,8401.79283,29,9130.69,6208.672836,0
1603928700000,0.679,0.6806,0.6774,0.6776,9009.92,1603929599999,6112.131736,47,6448.48,4375.119868,0
1603929600000,0.68,0.6808,0.6791,0.6808,2231.5,1603930499999,1518.318617,11,2190.4,1490.407607,0
1603930500000,0.6808,0.69,0.6808,0.6873,23402.68,1603931399999,16057.333059,48,14051.25,9638.317688,0
1603931400000,0.6857,0.687,0.6808,0.6808,8098.32,1603932299999,5538.349191,34,1526.92,1046.955667,0
1603932300000,0.6808,0.6865,0.6806,0.6824,3484.37,1603933199999,2376.487649,33,831.24,569.646964,0
1603933200000,0.6823,0.688,0.6805,0.6871,13264.02,1603934099999,9097.728979,50,11107.13,7626.990667,0
1603934100000,0.6871,0.6872,0.6793,0.6793,5649.93,1603934999999,3843.623585,32,336.72,230.289712,0
1603935000000,0.6794,0.6821,0.6794,0.6816,1714.87,1603935899999,1165.119167,15,17.99,12.258895,0
1603935900000,0.682,0.69,0.6793,0.6895,16138.48,1603936799999,11062.816282,73,13367.45,9161.744067,0
1603936800000,0.6882,0.6898,0.686,0.6898,1857.24,1603937699999,1275.561719,24,218.4,150.462734,0
1603937700000,0.6873,0.6934,0.6825,0.6906,12425.5,1603938599999,8564.321958,65,7255.57,5008.692769,0
1603938600000,0.6906,0.6906,0.6817,0.6817,10259.79,1603939499999,7015.819777,48,3932.3,2692.879491,0
1603939500000,0.6817,0.6822,0.6757,0.6757,12163.32,1603940399999,8247.999874,64,1441.65,979.266801,0
1603940400000,0.6757,0.6845,0.6746,0.6777,9786.99,1603941299999,6652.46467,67,3954.8,2686.405309,0
1603941300000,0.6777,0.679,0.668,0.6689,30652.82,1603942199999,20551.238468,85,664.56,447.817049,0
1603942200000,0.6681,0.6722,0.659,0.6623,34262.72,1603943099999,22750.059666,138,7671.78,5115.740022,0
1603943100000,0.6624,0.6655,0.6592,0.6624,13352.38,1603943999999,8828.57595,48,5934.02,3928.465748,0
1603944000000,0.6624,0.6674,0.6619,0.6656,16164.76,1603944899999,10723.274165,66,8744.17,5801.849726,0
1603944900000,0.6654,0.6674,0.665,0.6667,11429.07,1603945799999,7618.124122,23,7880.26,5257.376268,0
1603945800000,0.6659,0.6674,0.6594,0.6624,19221.66,1603946699999,12758.857811,52,5468.99,3649.190459,0
1603946700000,0.6632,0.6665,0.6622,0.6663,4545.26,1603947599999,3018.900669,20,1927.46,1279.010479,0
1603947600000,0.6661,0.6674,0.6661,0.6674,3428.24,1603948499999,2286.005713,16,2338.91,1559.858335,0
1603948500000,0.6673,0.6728,0.6666,0.6666,17699.09,1603949399999,11840.829659,30,16992.87,11369.455322,0
1603949400000,0.6671,0.6815,0.6671,0.6815,16227.58,1603950299999,10979.980742,58,13515.01,9146.623005,0
1603950300000,0.6823,0.6861,0.6791,0.6822,10173.86,1603951199999,6949.599717,39,6065.11,4147.730222,0
1603951200000,0.679,0.6869,0.679,0.6869,4523.88,1603952099999,3097.616076,37,4118.92,2821.23805,0
1603952100000,0.6868,0.6898,0.6855,0.6885,13703.93,1603952999999,9412.599761,56,9602.77,6598.387828,0
1603953000000,0.6885,0.6906,0.6866,0.6866,8722.72,1603953899999,6011.223086,27,4716.46,3249.200533,0
1603953900000,0.6867,0.6922,0.685,0.6907,7445.2,1603954799999,5119.153798,47,3029.3,2090.086258,0
1603954800000,0.6909,0.7005,0.6908,0.6969,17094.48,1603955699999,11928.331868,48,13300.65,9288.643858,0
1603955700000,0.6968,0.7023,0.6968,0.6991,9192.6,1603956599999,6438.57353,32,5185.59,3631.304867,0
1603956600000,0.699,0.702,0.6955,0.6955,4336.35,1603957499999,3032.680551,20,1362.86,954.850024,0
1603957500000,0.6971,0.6984,0.681,0.6822,40600.17,1603958399999,27930.067546,117,10480.08,7214.856697,0
1603958400000,0.6822,0.6836,0.669,0.67,46865.12,1603959299999,31618.062813,108,5895.55,3958.715268,0
1603959300000,0.6706,0.6723,0.6691,0.671,1478.02,1603960199999,991.486116,27,1083.91,727.182859,0
1603960200000,0.671,0.68,0.671,0.6789,15856.69,1603961099999,10743.90752,52,12091.43,8193.25303,0
1603961100000,0.6773,0.6788,0.6771,0.6786,351.32,1603961999999,237.959429,5,27.01,18.333368,0
1603962000000,0.6775,0.6822,0.6715,0.6771,25382.83,1603962899999,17112.677595,66,5050.77,3410.341392,0
1603962900000,0.6771,0.6869,0.6744,0.6744,28663.96,1603963799999,19530.57123,66,10792.35,7352.833515,0
1603963800000,0.6773,0.6773,0.6744,0.6744,2270.68,1603964699999,1531.851756,16,39.97,27.004873,0
1603964700000,0.6772,0.6791,0.6745,0.6772,587.09,1603965599999,397.981234,17,198.19,134.208677,0
1603965600000,0.6745,0.6745,0.6677,0.6707,5187.39,1603966499999,3477.794041,33,580.78,389.86198,0
1603966500000,0.6707,0.6707,0.6688,0.6703,5593.67,1603967399999,3742.25153,11,1235.67,826.776263,0
1603967400000,0.6688,0.6706,0.6646,0.6647,8922.24,1603968299999,5948.25249,36,3684.66,2455.754756,0
1603968300000,0.6649,0.669,0.6624,0.6675,19696.45,1603969199999,13096.2444,48,9435.65,6280.737692,0
1603969200000,0.6683,0.6715,0.6675,0.6675,7148.53,1603970099999,4783.79277,36,2499.45,1672.653018,0
1603970100000,0.6674,0.7055,0.665,0.7009,101893.42,1603970999999,70254.096464,227,35280.84,24338.673045,0
1603971000000,0.7001,0.7299,0.6945,0.722,115417.27,1603971899999,82469.586485,253,64543.19,46195.513048,0
1603971900000,0.7219,0.7222,0.704,0.7091,27801.72,1603972799999,19790.10562,97,6405.09,4554.916606,0
1603972800000,0.7091,0.7091,0.6874,0.6891,39032.95,1603973699999,27191.366523,113,11421.19,7948.745865,0
1603973700000,0.6891,0.6972,0.687,0.6908,32735.23,1603974599999,22621.560005,91,17711.8,12255.713606,0
1603974600000,0.6908,0.7266,0.6908,0.7155,91715.05,1603975499999,64916.278169,373,48927.4,34643.124057,0
1603975500000,0.7154,0.7235,0.7105,0.7105,60385.93,1603976399999,43265.017809,128,28040.03,20134.934195,0
1603976400000,0.711,0.72,0.711,0.72,23011.42,1603977299999,16475.357121,79,17202.72,12321.489238,0
1603977300000,0.72,0.745,0.72,0.7398,106117.65,1603978199999,77556.205393,275,84194.26,61541.004778,0
1603978200000,0.7395,0.7395,0.727,0.7319,49122.82,1603979099999,35862.514591,148,25464.18,18601.181628,0
1603979100000,0.7318,0.7366,0.7296,0.7319,12924.88,1603979999999,9503.937422,36,10891.0,8006.844802,0
1603980000000,0.7319,0.7366,0.7224,0.7224,37468.81,1603980899999,27321.637804,96,10092.27,7362.816079,0
1603980900000,0.7252,0.7336,0.7195,0.7282,29063.19,1603981799999,21147.876865,78,14218.22,10369.941772,0
1603981800000,0.7282,0.7295,0.7179,0.7253,10000.26,1603982699999,7246.46676,71,6690.92,4859.944003,0
1603982700000,0.7238,0.7395,0.7226,0.7369,11762.2,1603983599999,8626.597376,55,9815.07,7214.123102,0
1603983600000,0.7385,0.7455,0.7369,0.7435,25452.79,1603984499999,18883.055306,91,20717.99,15374.199029,0
1603984500000,0.7435,0.7455,0.7378,0.7378,13679.17,1603985399999,10162.331349,54,4553.27,3384.66476,0
1603985400000,0.7402,0.7455,0.74,0.7454,31303.9,1603986299999,23268.801934,113,26229.56,19494.489564,0
1603986300000,0.7454,0.7455,0.74,0.7452,12879.55,1603987199999,9598.036394,30,11392.51,8492.308239,0
1603987200000,0.7451,0.7923,0.7389,0.778,368204.54,1603988099999,285082.150862,716,265101.2,205398.939489,0
1603988100000,0.7793,0.8078,0.7779,0.8046,396784.68,1603988999999,315471.390219,759,274724.69,218705.16689,0
1603989000000,0.8044,0.8364,0.79,0.8061,483166.32,1603989899999,393947.678167,1158,348004.96,283991.585686,0
1603989900000,0.8062,0.841,0.8062,0.8217,363626.48,1603990799999,300857.444484,861,216839.16,179712.233524,0
1603990800000,0.8217,0.8388,0.814,0.8226,163298.4,1603991699999,135755.82667,388,82687.77,68841.28299,0
1603991700000,0.822,0.8326,0.8054,0.8325,174954.4,1603992599999,143499.847396,397,79439.75,65327.686341,0
1603992600000,0.832,0.832,0.808,0.816,114061.95,1603993499999,93402.543872,280,46494.34,38106.316098,0
1603993500000,0.816,0.8167,0.7742,0.7849,218783.34,1603994399999,173076.130627,761,74219.78,58382.487322,0
1603994400000,0.7817,0.7889,0.7712,0.7869,46219.29,1603995299999,36112.391608,240,26446.77,20698.657276,0
1603995300000,0.7868,0.812,0.7868,0.8004,127031.67,1603996199999,101618.619296,505,75059.4,60043.266024,0
1603996200000,0.8,0.83,0.7938,0.8268,139703.6,1603997099999,113719.11245,420,100682.54,82132.080375,0
1603997100000,0.83,0.85,0.8185,0.8479,308230.83,1603997999999,258565.330325,628,205127.86,172027.0321,0
1603998000000,0.8479,0.8479,0.8174,0.846,88891.65,1603998899999,74153.521944,371,42334.39,35276.422118,0
1603998900000,0.846,0.8611,0.8388,0.845,152189.38,1603999799999,129121.625672,469,90184.05,76640.042148,0
1603999800000,0.8495,0.85,0.8335,0.8459,59043.73,1604000699999,49733.554667,217,29524.46,24878.738034,0
1604000700000,0.846,0.846,0.8276,0.8305,48533.07,1604001599999,40519.309496,166,16858.5,14098.968128,0
1604001600000,0.8295,0.85,0.829,0.8292,94552.44,1604002499999,79349.19782,362,57247.75,48068.114523,0
1604002500000,0.8292,0.8292,0.799,0.8053,113879.14,1604003399999,92634.37562,353,45474.85,36963.980763,0
1604003400000,0.8052,0.8082,0.7888,0.803,58414.37,1604004299999,46499.88084,265,17711.46,14174.694677,0
1604004300000,0.8033,0.8147,0.8032,0.8068,23751.18,1604005199999,19249.916648,137,10403.24,8427.575526,0
1604005200000,0.8067,0.8268,0.8067,0.8257,34666.32,1604006099999,28346.142161,161,25001.27,20442.258377,0
1604006100000,0.8257,0.8397,0.8166,0.8245,77905.76,1604006999999,64713.002572,273,43960.99,36558.242449,0
1604007000000,0.8244,0.8244,0.8104,0.8221,22816.5,1604007899999,18642.9572,109,12727.64,10398.009846,0
1604007900000,0.8237,0.8305,0.8193,0.8266,24315.34,1604008799999,20091.62963,91,15621.06,12919.687044,0
1604008800000,0.8265,0.8265,0.8175,0.8185,20053.12,1604009699999,16414.681481,52,3628.91,2974.051419,0
1604009700000,0.818,0.818,0.7854,0.788,62971.76,1604010599999,50208.718107,236,11879.57,9413.086014,0
1604010600000,0.7863,0.7999,0.7854,0.7975,16441.99,1604011499999,13025.428444,54,5954.14,4738.700236,0
1604011500000,0.795,0.7971,0.7625,0.7626,103386.0,1604012399999,79885.370659,295,37088.83,28700.793333,0
1604012400000,0.7626,0.784,0.7601,0.7831,75671.23,1604013299999,58413.094215,297,31014.85,24018.127918,0
1604013300000,0.7788,0.8249,0.7788,0.8243,77239.91,1604014199999,62195.829298,248,70490.35,56779.675357,0
1604014200000,0.8266,0.83,0.7979,0.8063,129229.5,1604015099999,105281.55821,396,55450.51,45311.199292,0
1604015100000,0.8047,0.8073,0.7959,0.7977,33831.25,1604015999999,27148.81623,74,20200.0,16236.222871,0
1604016000000,0.798,0.8019,0.7706,0.7814,63060.84,1604016899999,49609.265289,249,24432.32,19232.898886,0
1604016900000,0.7815,0.7878,0.7718,0.7775,16297.8,1604017799999,12660.877936,56,1723.07,1350.036089,0
1604017800000,0.7768,0.7999,0.7706,0.7915,59471.12,1604018699999,46853.956966,127,40140.72,31712.263531,0
1604018700000,0.7912,0.7964,0.788,0.7943,9312.82,1604019599999,7386.548058,73,6692.67,5308.796566,0
1604019600000,0.7958,0.7964,0.782,0.79,29880.06,1604020499999,23537.146865,100,15439.59,12181.774263,0
1604020500000,0.7925,0.7959,0.7772,0.7821,35985.76,1604021399999,28282.240432,103,15055.54,11849.45901,0
1604021400000,0.7777,0.7937,0.7777,0.7934,28809.22,1604022299999,22595.375558,98,16239.29,12733.810472,0
1604022300000,0.7934,0.7934,0.7712,0.7781,56636.25,1604023199999,44257.27998,228,29058.48,22742.154885,0
1604023200000,0.7782,0.7787,0.7543,0.7579,41068.05,1604024099999,31426.244726,156,10182.63,7831.809273,0
1604024100000,0.7547,0.7581,0.743,0.744,90639.01,1604024999999,67674.718683,222,53600.95,39982.068638,0
1604025000000,0.7459,0.75,0.735,0.7397,48982.49,1604025899999,36331.905526,141,24089.46,17869.028409,0
1604025900000,0.7422,0.7425,0.7226,0.7226,43639.65,1604026799999,31917.069561,144,7882.58,5735.39727,0
1604026800000,0.7226,0.7291,0.72,0.7291,34184.55,1604027699999,24685.951647,111,9184.0,6661.649668,0
1604027700000,0.7292,0.7326,0.723,0.7325,18874.88,1604028599999,13737.394142,102,10127.32,7372.227516,0
1604028600000,0.7339,0.739,0.7324,0.7324,12393.99,1604029499999,9114.374515,58,6504.33,4783.778642,0
1604029500000,0.7312,0.7369,0.7213,0.7216,13645.16,1604030399999,9933.158142,72,4945.44,3600.292851,0
1604030400000,0.7266,0.7267,0.7194,0.7194,19368.78,1604031299999,13973.12722,51,4131.59,2985.448641,0
1604031300000,0.7195,0.721,0.6982,0.7167,77704.53,1604032199999,55071.505392,211,27226.8,19337.763202,0
1604032200000,0.7166,0.7181,0.6918,0.6951,34916.73,1604033099999,24539.372775,151,10370.98,7272.001508,0
1604033100000,0.6961,0.6978,0.6871,0.6871,41705.95,1604033999999,28801.33474,114,12600.58,8712.163868,0
1604034000000,0.6873,0.7072,0.687,0.7072,43872.62,1604034899999,30690.950662,99,26951.24,18834.837829,0
1604034900000,0.7071,0.7168,0.7027,0.7069,51207.93,1604035799999,36296.915543,131,21097.47,14982.102067,0
1604035800000,0.7059,0.7242,0.7045,0.7045,48356.94,1604036699999,34392.786329,122,25832.67,18428.273863,0
1604036700000,0.7045,0.7045,0.6722,0.6722,78682.17,1604037599999,54162.741344,249,26508.22,18316.228497,0
1604037600000,0.6761,0.6806,0.673,0.6806,9499.65,1604038499999,6430.492489,54,3892.75,2634.791553,0
1604038500000,0.6806,0.6959,0.6765,0.6951,25255.31,1604039399999,17311.085731,89,17556.48,12046.129954,0
1604039400000,0.6915,0.6945,0.6885,0.694,31574.24,1604040299999,21871.768065,58,19768.65,13712.463518,0
1604040300000,0.6945,0.7109,0.6941,0.705,57592.62,1604041199999,40644.558323,131,22655.55,15975.913968,0
1604041200000,0.7099,0.7201,0.7099,0.7105,63653.66,1604042099999,45585.201279,100,20037.92,14348.273278,0
1604042100000,0.7078,0.7105,0.687,0.703,59836.29,1604042999999,41878.365254,173,27280.02,19089.406763,0
1604043000000,0.709,0.7095,0.7015,0.7084,10956.2,1604043899999,7752.771365,37,5457.3,3868.728482,0
1604043900000,0.7094,0.7175,0.7094,0.7155,12489.92,1604044799999,8894.745364,37,8720.66,6218.38656,0
1604044800000,0.7111,0.7243,0.71,0.7179,27528.51,1604045699999,19803.11159,89,17186.18,12371.284032,0
1604045700000,0.718,0.75,0.7179,0.7421,79327.2,1604046599999,58615.475949,243,47530.34,35087.586747,0
1604046600000,0.7448,0.7905,0.7415,0.7905,116011.41,1604047499999,89229.950844,351,58984.98,45105.420185,0
1604047500000,0.7905,0.7958,0.7344,0.7349,202673.49,1604048399999,154668.67809,622,87990.91,66986.30727,0
1604048400000,0.7352,0.745,0.7036,0.7156,176808.18,1604049299999,127463.481645,703,100932.83,72579.816331,0
1604049300000,0.7153,0.7259,0.707,0.7221,47965.06,1604050199999,34542.572215,211,24360.06,17569.036313,0
1604050200000,0.7213,0.7265,0.7176,0.7187,61667.45,1604051099999,44579.705794,180,20044.64,14484.269811,0
1604051100000,0.72,0.7229,0.6912,0.6927,168807.12,1604051999999,118435.324448,329,107642.36,75302.0069,0
1604052000000,0.694,0.7105,0.6848,0.6995,104983.99,1604052899999,73356.054791,261,38558.68,26866.930907,0
1604052900000,0.6984,0.7106,0.6983,0.7,27390.4,1604053799999,19216.940506,63,22743.61,15963.715195,0
1604053800000,0.7045,0.7159,0.7,0.7159,27098.0,1604054699999,19236.668058,86,17511.44,12447.819074,0
1604054700000,0.7152,0.7669,0.7151,0.7528,316351.33,1604055599999,236621.18575,794,180362.6,134529.050639,0
1604055600000,0.7536,0.7563,0.719,0.7322,175970.29,1604056499999,129911.496923,421,103325.31,76161.513548,0
1604056500000,0.7311,0.7407,0.728,0.7348,33525.48,1604057399999,24629.052295,112,13655.46,10015.324776,0
1604057400000,0.7293,0.7342,0.7122,0.7183,66994.25,1604058299999,48285.553685,187,38936.62,28068.019968,0
1604058300000,0.7199,0.7256,0.7125,0.7256,30441.88,1604059199999,21812.837466,97,13224.86,9508.823949,0
1604059200000,0.7238,0.724,0.7139,0.7139,11152.9,1604060099999,8021.763966,48,2015.94,1449.547853,0
1604060100000,0.7177,0.7177,0.706,0.7102,97430.32,1604060999999,69170.615729,121,74655.47,53018.152399,0
1604061000000,0.7102,0.7207,0.7079,0.7207,13822.8,1604061899999,9863.432153,66,10803.23,7705.477681,0
1604061900000,0.7186,0.7404,0.718,0.74,50935.73,1604062799999,37009.742821,156,33817.83,24639.959358,0
1604062800000,0.7375,0.7499,0.7325,0.7345,38146.64,1604063699999,28207.626124,103,18612.89,13801.151306,0
1604063700000,0.7328,0.7359,0.7299,0.7359,6002.04,1604064599999,4405.066063,36,3559.74,2615.675449,0
1604064600000,0.7399,0.748,0.7342,0.735,48320.95,1604065499999,35782.584993,90,37277.98,27596.033946,0
1604065500000,0.7351,0.752,0.7341,0.7389,47524.5,1604066399999,35403.198393,98,20639.08,15370.615587,0
1604066400000,0.7363,0.7414,0.7301,0.7342,60768.32,1604067299999,44678.929998,81,34163.05,25099.984295,0
1604067300000,0.7342,0.7342,0.7294,0.7296,18958.15,1604068199999,13845.137518,38,2751.99,2010.858163,0
1604068200000,0.7271,0.729,0.723,0.723,14881.96,1604069099999,10810.249631,56,4589.22,3334.452577,0
1604069100000,0.7236,0.7237,0.7157,0.7213,15509.23,1604069999999,11158.986248,52,7665.91,5525.381716,0
1604070000000,0.7179,0.7268,0.7166,0.7244,6611.33,1604070899999,4794.927882,38,3517.84,2550.74111,0
1604070900000,0.724,0.7305,0.7217,0.7305,5159.79,1604071799999,3756.567249,33,4109.29,2993.765003,0
1604071800000,0.73,0.7415,0.7279,0.7414,17567.8,1604072699999,12940.717717,78,12890.38,9514.939249,0
1604072700000,0.7414,0.7419,0.7301,0.7301,15359.14,1604073599999,11323.313672,41,4089.28,3015.726907,0
1604073600000,0.7342,0.7342,0.7265,0.7265,11594.97,1604074499999,8435.29755,46,3542.4,2580.20459,0
1604074500000,0.7285,0.734,0.7216,0.7261,25013.71,1604075399999,18233.494604,56,8698.98,6344.710186,0
1604075400000,0.722,0.7259,0.7107,0.7131,18769.38,1604076299999,13464.336957,71,7679.13,5511.709915,0
1604076300000,0.7124,0.715,0.7107,0.7149,7888.2,1604077199999,5621.154759,43,4522.68,3222.531257,0
1604077200000,0.7151,0.7315,0.7151,0.7315,18159.4,1604078099999,13122.251103,76,12918.41,9323.053578,0
1604078100000,0.728,0.728,0.721,0.7228,16487.53,1604078999999,11962.164248,46,4864.04,3526.875027,0
1604079000000,0.7231,0.7267,0.7189,0.7267,13277.98,1604079899999,9578.224975,37,8126.89,5859.41175,0
1604079900000,0.7219,0.7267,0.72,0.7228,6382.43,1604080799999,4607.3452,24,2497.15,1803.546005,0
1604080800000,0.7251,0.7267,0.7251,0.7266,1648.03,1604081699999,1196.378236,9,1648.03,1196.378236,0
1604081700000,0.7266,0.7266,0.7195,0.7256,23328.78,1604082599999,16842.403075,43,9638.83,6965.000343,0
1604082600000,0.7251,0.7319,0.7226,0.7319,15266.96,1604083499999,11102.74693,58,11505.5,8361.247449,0
1604083500000,0.7316,0.7356,0.7284,0.7329,10344.7,1604084399999,7598.686208,37,7356.36,5401.038956,0
1604084400000,0.7362,0.7379,0.7325,0.7325,8104.0,1604085299999,5953.468368,30,4593.18,3374.626916,0
1604085300000,0.732,0.732,0.7262,0.7298,4143.06,1604086199999,3023.332905,16,538.71,393.20072,0
1604086200000,0.7262,0.7374,0.7262,0.7349,12906.89,1604087099999,9462.740194,21,11068.44,8124.920701,0
1604087100000,0.7349,0.7373,0.7318,0.7373,6726.58,1604087999999,4954.71451,33,2546.48,1877.12847,0
1604088000000,0.7373,0.7373,0.735,0.7372,2298.83,1604088899999,1694.377231,17,1481.82,1092.539059,0
1604088900000,0.7351,0.7351,0.7301,0.7346,10410.55,1604089799999,7614.173941,25,609.77,447.704652,0
1604089800000,0.7302,0.7347,0.727,0.734,10358.53,1604090699999,7547.684016,37,3074.36,2247.966738,0
1604090700000,0.7338,0.7474,0.7338,0.7419,43445.25,1604091599999,32153.334796,131,33322.5,24646.084814,0
1604091600000,0.7419,0.7436,0.7407,0.7421,18621.32,1604092499999,13823.772587,41,11098.52,8238.134609,0
1604092500000,0.7437,0.7655,0.7437,0.7603,78395.66,1604093399999,59208.054478,250,38262.0,28876.1459,0
1604093400000,0.7601,0.7619,0.739,0.7395,55318.89,1604094299999,41357.339087,143,13411.28,10040.820196,0
1604094300000,0.742,0.7434,0.733,0.7409,22832.0,1604095199999,16858.88529,62,7045.19,5225.948191,0
1604095200000,0.7415,0.7433,0.7415,0.7426,761.5,1604096099999,565.680234,27,644.9,479.093074,0
1604096100000,0.7426,0.7426,0.7377,0.7377,568.37,1604096999999,420.513889,8,249.73,184.940082,0
1604097000000,0.7377,0.7425,0.7374,0.7374,2489.99,1604097899999,1841.964473,15,833.03,618.297095,0
1604097900000,0.7374,0.7426,0.7374,0.7421,3023.35,1604098799999,2243.348998,13,2422.99,1798.293534,0
1604098800000,0.7421,0.7489,0.7421,0.7489,15977.25,1604099699999,11933.507497,40,14009.29,10461.235467,0
1604099700000,0.75,0.7534,0.75,0.7534,13268.27,1604100599999,9959.446488,25,4551.43,3417.013408,0
1604100600000,0.751,0.751,0.7262,0.73,60477.12,1604101499999,44547.37988,145,34926.94,25613.170426,0
1604101500000,0.7305,0.733,0.724,0.7255,17975.71,1604102399999,13101.889617,88,3139.89,2285.237661,0
1604102400000,0.7225,0.7225,0.7126,0.7174,22249.54,1604103299999,15957.996865,73,11039.62,7924.656791,0
1604103300000,0.7175,0.7275,0.7175,0.727,8417.76,1604104199999,6073.901567,36,5957.93,4295.292225,0
1604104200000,0.727,0.7309,0.725,0.7269,6072.04,1604105099999,4416.699012,45,1633.74,1191.494069,0
1604105100000,0.7285,0.7408,0.7256,0.7353,17627.25,1604105999999,12909.360921,47,15109.12,11067.173893,0
1604106000000,0.7355,0.7482,0.7354,0.7475,32375.59,1604106899999,24095.257867,70,21259.28,15824.893452,0
1604106900000,0.7478,0.7498,0.7447,0.7447,6449.73,1604107799999,4818.549936,36,4410.9,3297.530941,0
1604107800000,0.7447,0.7584,0.7445,0.7547,21699.22,1604108699999,16323.35247,47,16540.9,12453.772378,0
1604108700000,0.7582,0.7608,0.7536,0.756,71402.88,1604109599999,54057.430277,146,41204.52,31236.883967,0
1604109600000,0.7567,0.7612,0.75,0.759,58010.72,1604110499999,43911.926692,94,36285.1,27506.66921,0
1604110500000,0.7582,0.7645,0.7544,0.7645,65681.1,1604111399999,49707.38762,55,26516.71,20156.306354,0
1604111400000,0.7598,0.7668,0.7564,0.7564,41116.57,1604112299999,31293.883459,52,20498.6,15656.182296,0
1604112300000,0.7598,0.7629,0.7598,0.7629,4217.24,1604113199999,3206.522953,18,4217.24,3206.522953,0
1604113200000,0.7625,0.7625,0.7531,0.7589,8330.95,1604114099999,6311.041636,27,2265.83,1720.61961,0
1604114100000,0.758,0.7809,0.758,0.7768,39301.47,1604114999999,30368.691584,120,24311.51,18777.67782,0
1604115000000,0.7757,0.7785,0.772,0.772,6645.77,1604115899999,5151.634146,19,1481.66,1152.701058,0
1604115900000,0.771,0.7711,0.758,0.7617,26957.22,1604116799999,20622.116582,116,10010.73,7651.291844,0
1604116800000,0.7617,0.7641,0.7617,0.7641,1693.35,1604117699999,1290.192368,32,319.25,243.25787,0
1604117700000,0.7641,0.7642,0.7556,0.7556,14965.96,1604118599999,11351.451597,48,4944.53,3748.576974,0
1604118600000,0.7586,0.7732,0.7585,0.7731,11341.4,1604119499999,8690.013699,51,9562.85,7316.040867,0
1604119500000,0.773,0.78,0.7675,0.78,13860.29,1604120399999,10759.942991,52,8280.32,6432.372938,0
1604120400000,0.781,0.7885,0.7803,0.7822,25769.86,1604121299999,20203.472326,83,9032.32,7079.908784,0
1604121300000,0.7873,0.7876,0.7793,0.7793,10648.01,1604122199999,8344.3116,51,4193.78,3294.171156,0
1604122200000,0.7829,0.7829,0.7646,0.7646,13036.58,1604123099999,10088.563758,45,4493.5,3492.272659,0
1604123100000,0.7646,0.7646,0.7577,0.7577,5184.72,1604123999999,3955.286017,26,1965.83,1502.411652,0
1604124000000,0.7577,0.7601,0.7465,0.76,22248.15,1604124899999,16752.062297,102,7232.24,5456.278731,0
1604124900000,0.7616,0.7617,0.7546,0.7603,7954.98,1604125799999,6035.494922,37,2984.06,2268.354462,0
1604125800000,0.7603,0.7623,0.7534,0.7534,20163.35,1604126699999,15276.07583,74,9251.76,7022.563047,0
1604126700000,0.756,0.7581,0.7535,0.7581,5929.76,1604127599999,4479.128695,22,2728.15,2062.572778,0
1604127600000,0.758,0.7635,0.758,0.7585,3458.01,1604128499999,2635.374251,23,3095.25,2359.845239,0
1604128500000,0.7635,0.765,0.7499,0.75,40110.73,1604129399999,30289.556948,133,16526.18,12480.657588,0
1604129400000,0.7498,0.75,0.7228,0.741,152868.67,1604130299999,112070.080992,499,103604.95,75886.006218,0
1604130300000,0.741,0.7448,0.7366,0.7366,15314.07,1604131199999,11327.279067,44,10895.63,8061.997411,0
1604131200000,0.7358,0.7431,0.7333,0.7421,20601.05,1604132099999,15259.859024,66,14983.8,11105.482117,0
1604132100000,0.7441,0.7462,0.7288,0.7289,24418.25,1604132999999,18016.204979,85,8018.12,5938.966568,0
1604133000000,0.7289,0.7403,0.7289,0.7386,12212.9,1604133899999,8950.841972,54,5364.07,3946.188403,0
1604133900000,0.7387,0.7502,0.7332,0.7447,54124.41,1604134799999,40380.033795,120,35902.79,26789.506308,0
1604134800000,0.7432,0.7721,0.7389,0.7666,71152.1,1604135699999,53918.950068,202,40069.66,30327.960663,0
1604135700000,0.7682,0.7683,0.7655,0.7655,9744.68,1604136599999,7482.573258,42,1662.66,1276.857022,0
1604136600000,0.7655,0.7698,0.7585,0.7617,19366.61,1604137499999,14757.360156,49,6037.72,4601.490772,0
1604137500000,0.7614,0.7617,0.747,0.7499,22805.59,1604138399999,17197.757834,61,3460.09,2609.323842,0
1604138400000,0.7515,0.7535,0.7392,0.7449,16440.39,1604139299999,12254.924649,65,5637.42,4222.561815,0
1604139300000,0.7394,0.7415,0.7342,0.7359,17059.08,1604140199999,12567.421819,57,4996.75,3681.559766,0
1604140200000,0.7415,0.7576,0.7415,0.7492,39200.81,1604141099999,29351.644115,56,25024.43,18761.801142,0
1604141100000,0.7493,0.7585,0.7493,0.7576,12927.4,1604141999999,9772.403885,51,8119.4,6130.20929,0
1604142000000,0.7582,0.769,0.7582,0.7687,36754.1,1604142899999,28132.948882,78,17693.96,13547.929109,0
1604142900000,0.7652,0.7683,0.7494,0.7494,19588.21,1604143799999,14856.561581,54,2413.47,1829.554874,0
1604143800000,0.7532,0.7535,0.7469,0.7469,5707.62,1604144699999,4284.537903,27,1820.19,1368.978098,0
1604144700000,0.7469,0.7528,0.7419,0.7528,21324.29,1604145599999,15879.072598,105,17238.78,12836.679927,0
1604145600000,0.7527,0.7558,0.7483,0.7557,8669.65,1604146499999,6532.650523,39,3950.44,2979.621184,0
1604146500000,0.7563,0.7605,0.7563,0.76,5612.89,1604147399999,4255.239968,44,4029.08,3055.964217,0
1604147400000,0.7579,0.76,0.7554,0.7578,625.49,1604148299999,473.179404,8,8.59,6.51861,0
1604148300000,0.7578,0.7583,0.7523,0.7569,5546.81,1604149199999,4188.479701,24,398.17,301.720867,0
1604149200000,0.753,0.806,0.753,0.8,147575.44,1604150099999,115568.743503,312,86351.69,67551.474339,0
1604150100000,0.7996,0.7996,0.7785,0.7879,54321.58,1604150999999,42726.226756,191,27070.85,21284.121706,0
1604151000000,0.7912,0.8002,0.7735,0.777,66804.8,1604151899999,52692.405457,214,31088.84,24596.999006,0
1604151900000,0.7771,0.7852,0.7749,0.7778,10717.76,1604152799999,8361.661069,60,5530.51,4320.591659,0
